
Player A, Health=100, Energy=  2442, Score=  3081, IronCurtainAvailable= No
Player B, Health=  0, Energy=  2558, Score=  1451, IronCurtainAvailable= No
[0A 0][1  0][2  >][3  0][4D 0][5  0][6  0][7T 0][7  0][6E 0][5  0][4  0][3  0][2  0][1E 0][0  0]
[0  1][1  1][2  1][3  1][4  1][5  1][6  1][7A 1][7  1][6  >][5  1][4  1][3  1][2  1][1  1][0  1]
[0  2][1  2][2A 2][3  2][4  >][5  2][6  2][7D 2][7  2][6  2][5  2][4  2][3  >][2  2][1  2][0  2]
[0  3][1  3][2A 3][3E 3][4E 3][5  3][6  >][7T 3][7  3][6  3][5  3][4  3][3  3][2  3][1  3][0  3]
[0  4][1  4][2E 4][3A 4][4  4][5  4][6  4][7  4][7  4][6  4][5  4][4  >][3  4][2  4][1  4][0  4]
[0  5][1A 5][2A 5][3A 5][4  5][5A >][6d >][7A >][7  5][6 >>][5  5][4  5][3  5][2  >][1  >][0  >]
[0  6][1  6][2  6][3  6][4  6][5a 6][6  6][7A 6][7  6][6D 6][5  6][4  6][3  6][2  6][1  6][0  6]
[0  7][1  7][2  7][3  7][4  7][5  7][6A 7][7  7][7D 7][6T 7][5  7][4  7][3  7][2  7][1  7][0  7]
