XXXXXXXXX GAME INFO XXXXXXXXX
Round Number : 90
Maximum Amount Of Rounds : 400
Map Width : 16
Map Height : 8
Round Income Energy : 5
XXXXXXXXXXXXXXXXXXXXXXXXXXXXX

****** BUILDING STATS ******
type;health;constructionTime;price;weaponDamage;weaponSpeed;weaponCooldownPeriod;energyGeneratedPerTurn;destroyMultiplier;constructionScore
ATTACK;5;1;30;5;2;3;0;1;4;
DEFENSE;20;3;30;0;0;0;0;1;10;
ENERGY;5;1;20;0;0;0;3;1;3;
TESLA;5;10;300;20;0;10;0;10;20;
*****************************

****** IRON CURTAIN STATS ******
price;activeRounds;resetPeriod;constructionScore
150;6;50;20;
*****************************

---------- PLAYER A ----------
Energy : 2333
Health : 65
HitsTaken : 7
Score : 6141
IronCurtainAvailable : 0
ActiveIronCurtainLifetime : -33
------------------------------

---------- PLAYER B ----------
Energy : 182
Health : 100
HitsTaken : 0
Score : 1380
IronCurtainAvailable : 1
ActiveIronCurtainLifetime : -40
------------------------------

############# MAP #############
[0,0,N,0,0][1,0,N,0,0][2,0,N,0,0][3,0,N,0,0][4,0,N,0,1][5,0,N,0,0][6,0,N,0,1][7,0,N,0,0][8,0,A,0,0][9,0,N,0,0][10,0,A,0,0][11,0,N,0,0][12,0,N,0,0][13,0,N,0,0][14,0,N,0,0][15,0,N,0,0]
[0,1,N,0,0][1,1,N,0,0][2,1,N,0,0][3,1,N,0,1][4,1,N,0,0][5,1,N,0,0][6,1,N,0,0][7,1,N,0,0][8,1,N,0,0][9,1,N,0,0][10,1,N,0,0][11,1,N,0,1][12,1,N,0,0][13,1,A,0,0][14,1,N,0,0][15,1,N,0,0]
[0,2,N,0,0][1,2,N,0,0][2,2,E,0,0][3,2,E,0,0][4,2,N,0,0][5,2,N,0,0][6,2,N,0,1][7,2,N,0,0][8,2,N,0,0][9,2,N,0,0][10,2,N,0,0][11,2,N,0,0][12,2,N,0,0][13,2,N,0,0][14,2,A,0,0][15,2,N,0,0]
[0,3,N,0,0][1,3,E,0,0][2,3,E,0,0][3,3,E,0,0][4,3,N,0,0][5,3,N,0,0][6,3,N,0,0][7,3,N,0,0][8,3,N,0,0][9,3,N,0,0][10,3,N,0,0][11,3,N,0,0][12,3,N,0,0][13,3,N,0,0][14,3,N,0,0][15,3,N,0,0]
[0,4,N,0,0][1,4,N,0,0][2,4,E,0,0][3,4,N,0,0][4,4,E,0,0][5,4,N,0,0][6,4,T,0,0][7,4,N,0,0][8,4,N,0,0][9,4,N,0,0][10,4,N,0,0][11,4,N,0,1][12,4,N,0,0][13,4,N,0,0][14,4,N,0,0][15,4,N,0,0]
[0,5,N,0,0][1,5,N,0,0][2,5,N,0,0][3,5,E,0,0][4,5,E,0,0][5,5,N,0,0][6,5,T,0,0][7,5,N,0,0][8,5,N,0,0][9,5,N,0,0][10,5,N,0,0][11,5,N,0,0][12,5,N,0,0][13,5,N,0,0][14,5,N,0,0][15,5,N,0,0]
[0,6,E,0,0][1,6,E,0,0][2,6,N,0,0][3,6,N,0,0][4,6,N,0,0][5,6,N,0,0][6,6,N,0,0][7,6,N,0,0][8,6,N,0,0][9,6,N,0,0][10,6,N,0,0][11,6,N,0,0][12,6,N,0,0][13,6,N,0,0][14,6,N,0,0][15,6,N,0,0]
[0,7,E,0,0][1,7,E,0,0][2,7,E,0,0][3,7,E,0,0][4,7,E,0,0][5,7,E,0,0][6,7,N,0,0][7,7,N,0,0][8,7,N,0,0][9,7,N,0,0][10,7,N,0,0][11,7,N,0,0][12,7,N,0,0][13,7,N,0,0][14,7,N,0,0][15,7,N,0,0]
###############################

######## BUILDING DATA #########
FORMAT : [x,y] Owner|BuildingType|ConstructionTimeLeft|Health|WeaponCooldownTimeLeft|WeaponDamage|EnergyGeneratedPerTurn 

[3,2] A|ENERGY|-89|5|0|0|3
[2,4] A|ENERGY|-82|5|0|0|3
[5,7] A|ENERGY|-80|5|0|0|3
[0,7] A|ENERGY|-79|5|0|0|3
[4,4] A|ENERGY|-78|5|0|0|3
[3,7] A|ENERGY|-77|5|0|0|3
[1,6] A|ENERGY|-75|5|0|0|3
[4,7] A|ENERGY|-73|5|0|0|3
[2,7] A|ENERGY|-70|5|0|0|3
[3,5] A|ENERGY|-68|5|0|0|3
[1,3] A|ENERGY|-63|5|0|0|3
[3,3] A|ENERGY|-62|5|0|0|3
[0,6] A|ENERGY|-61|5|0|0|3
[1,7] A|ENERGY|-60|5|0|0|3
[2,2] A|ENERGY|-57|5|0|0|3
[2,3] A|ENERGY|-54|5|0|0|3
[4,5] A|ENERGY|-53|5|0|0|3
[6,5] A|TESLA|-27|5|6|20|0
[13,1] B|ATTACK|-33|5|3|5|0
[6,4] A|TESLA|-12|5|10|20|0
[8,0] B|ATTACK|-21|5|3|5|0
[14,2] B|ATTACK|-12|5|0|5|0
[10,0] B|ATTACK|-7|5|1|5|0
###############################

####### MISSILE DATA ########
FORMAT : [x,y] Owner|Damage|Speed 

[3,1] B|5|2
[6,2] B|5|2
[4,0] B|5|2
[11,1] B|5|2
[6,0] B|5|2
[11,4] B|5|2
###############################
