
Player A Health=90, Energy=112, Score=821
Player B Health=100, Energy=194, Score=955
[0   0][1   0][2   0][3  E0][4   0][5   0][6   0][7   0][7   0][6   0][5   0][4   0][3   0][2   0][1   0][0  E0]
[0   1][1   1][2   1][3  A1][4  d1][5   1][6  E1][7   >][7  D1][6   1][5   1][4   1][3   1][2   1][1   1][0   1]
[0   2][1   2][2  E2][3   2][4  A2][5   2][6  D>][7  A2][7  D2][6   2][5   2][4   2][3   2][2   2][1   2][0   2]
[0   3][1   3][2  A3][3  D3][4   3][5   3][6   3][7   3][7  D3][6   3][5   >][4   3][3   3][2   3][1   3][0  E3]
[0   4][1   4][2   4][3   4][4  E4][5   4][6   4][7  E4][7   4][6   4][5   4][4   4][3   4][2   4][1   4][0  E4]
[0  E5][1   5][2  E5][3   5][4  E5][5   5][6  E5][7   5][7   5][6   5][5   5][4   5][3   5][2   5][1   5][0  E5]
[0   6][1   6][2   6][3   6][4   6][5  E6][6   6][7   6][7   6][6   6][5   6][4   6][3   6][2   6][1   6][0  E6]
[0   7][1   7][2   7][<  a7][4   7][<   7][6   7][7   7][<<<D7][6  A7][5  A7][<  A7][3  A7][2  A7][1  A7][0  E7]
