
Player A, Health= 85, Energy=    20, Score=   266, IronCurtainAvailable= No
Player B, Health=100, Energy=   108, Score=   989, IronCurtainAvailable= No
[0  0][1  0][2  0][3  0][4  0][5  0][6  0][7  0][7  0][6  0][5  0][4  0][3  0][2  0][1  0][0 E0]
[0  1][1  1][2  1][3  1][4  1][5  1][6  1][7  1][7  1][6  1][5  1][4  1][3  1][2  1][1  1][0 E1]
[0 D2][1  2][<  2][3  2][4 D2][<  2][6  2][<  2][7 D2][6 A2][5 A2][4 A2][3  2][2  2][1  2][0 E2]
[0  3][1  3][2  3][3  3][4  3][5  3][6  3][7  3][7  3][6  3][5  3][4  3][3  3][2  3][1  3][0 E3]
[0  4][1  4][2  4][3  4][4  4][5  4][6  4][7  4][7  4][6  4][5  4][4  4][3  4][2  4][1  4][0 E4]
[<  5][1  5][<  5][3  5][4  5][<< 5][6  5][<  5][< D5][6 A5][< A5][4 A5][3 A5][2 A5][1 A5][0 E5]
[0  6][1  6][2  6][3  6][4 E6][5  6][6  6][7 E6][7  6][6  6][5  6][4  6][3  6][2  6][1  6][0 E6]
[0  7][1  7][2  7][3  7][4  7][5  7][6  7][7  7][7  7][6  7][5  7][4  7][3  7][2  7][1  7][0 E7]
