
Player A, Health= 25, Energy=    33, Score=  3996, IronCurtainAvailable= No
Player B, Health= 45, Energy=    39, Score=  4193, IronCurtainAvailable= Yes
[0 E0][1 A0][2  0][3 A>][4  0][5  0][6  0][7  0][7  0][6  >][5  0][4  >][3  0][2  0][1  0][0  0]
[0 E1][1 A1][2 E1][3  1][4  1][5 A>][6  1][7  >][7  1][6  1][5  1][4  1][3  1][2  >][1  1][0  1]
[0 A2][1 A2][2 A2][3  >][4 E2][5 A2][6 D>][<<d>][7 E2][6  2][5  >][4  >][<  2][2  2][1  2][0 A2]
[0 E3][1  3][2  3][3 A3][4 A3][5 A3][6 E3][7 D>][7  3][6  >][5  3][4  3][3  3][2  3][1  3][0  >]
[0 A4][1  4][2  4][3 A4][4  4][5  4][6  >][7  4][7  4][6  4][5  4][4  >][3  4][2  4][1  4][0 E4]
[0 E5][1 E5][2 A5][3  5][4  5][5  5][6 D5][7 A5][7  5][6 e>][5  >][4  5][3 E5][2  5][1  5][0 E5]
[0  6][1  6][2  6][3  6][4  6][5  6][6  6][7 A6][7  6][6  >][5  6][4  6][3  6][2  6][1  6][0  6]
[0  7][1 A7][2 D7][3  7][4 D7][<  7][6  7][7 d7][7  7][6  7][5 A7][4 A7][3  7][2  7][1 D7][0 E7]
