
Player A, Health=100, Energy=  2203, Score=   579, IronCurtainAvailable= No
Player B, Health= 95, Energy=  2187, Score=   553, IronCurtainAvailable= No
[0 0][1 0][2 0][3 0][4 0][5 0][6 0][7t0][7 0][6E0][5 0][4 0][3 0][2 0][1 0][0 0]
[0 1][1 1][2 1][3 1][4 1][5 1][6 1][7A1][7 1][6 1][5 1][4 1][3 1][2D1][1 1][0 1]
[0 2][1 2][2 2][3 2][4 2][5 2][6 2][7D2][7d2][6 2][5 2][4 2][3 2][2 2][1 2][0 2]
[0 3][1 3][2A3][3 3][4e3][5 3][6 3][7t3][7d3][6 3][5 >][4 3][3 3][2 3][1 3][0 3]
[0 4][1 4][2E4][3A4][4 4][5 4][6 4][7 >][7 4][6 4][5 4][4 4][3 4][2 4][1d4][0 >]
[0 5][1A5][2A5][3 5][4 5][5A>][6 5][7 5][7 5][6 5][5 >][4 >][3 5][2 5][1 5][0 5]
[0 6][1 6][2 6][3 6][4 6][5 6][6 6][7 6][7 6][6 6][5 6][4 6][3 6][2 6][1 6][0 6]
[0 7][1 7][2 7][3 7][4 7][5 7][6 7][7 7][7D7][6t7][5 7][4 7][3 7][2 7][1 7][0 7]
