XXXXXXXXX GAME INFO XXXXXXXXX
Round Number : 86
Maximum Amount Of Rounds : 400
Map Width : 16
Map Height : 8
Round Income Energy : 5
XXXXXXXXXXXXXXXXXXXXXXXXXXXXX

****** BUILDING STATS ******
type;health;constructionTime;price;weaponDamage;weaponSpeed;weaponCooldownPeriod;energyGeneratedPerTurn;destroyMultiplier;constructionScore
ATTACK;5;1;30;5;2;3;0;1;4;
DEFENSE;20;3;30;0;0;0;0;1;10;
ENERGY;5;1;20;0;0;0;3;1;3;
TESLA;5;10;100;20;0;10;0;10;20;
*****************************

***** IRON CURTAIN STATS ****
price;activeRounds;resetPeriod;constructionScore
100;6;30;20;
*****************************

---------- PLAYER A ----------
Energy : 39
Health : 45
HitsTaken : 11
Score : 4193
IronCurtainAvailable : 1
ActiveIronCurtainLifetime : -26
------------------------------

---------- PLAYER B ----------
Energy : 33
Health : 25
HitsTaken : 15
Score : 3996
IronCurtainAvailable : 0
ActiveIronCurtainLifetime : -12
------------------------------

############# MAP #############
[0,0,N,0,0][1,0,N,0,0][2,0,N,0,0][3,0,N,0,0][4,0,N,0,1][5,0,N,0,0][6,0,N,0,1][7,0,N,0,0][8,0,N,0,0][9,0,N,0,0][10,0,N,0,0][11,0,N,0,0][12,0,A,0,1][13,0,N,0,0][14,0,A,0,0][15,0,E,0,0]
[0,1,N,0,0][1,1,N,0,0][2,1,N,0,1][3,1,N,0,0][4,1,N,0,0][5,1,N,0,0][6,1,N,0,0][7,1,N,0,0][8,1,N,0,1][9,1,N,0,0][10,1,A,0,1][11,1,N,0,0][12,1,N,0,0][13,1,E,0,0][14,1,A,0,0][15,1,E,0,0]
[0,2,A,0,0][1,2,N,0,0][2,2,N,0,0][3,2,N,1,0][4,2,N,0,1][5,2,N,0,1][6,2,N,0,0][7,2,E,0,0][8,2,d,2,1][9,2,D,0,1][10,2,A,0,0][11,2,E,0,0][12,2,N,0,1][13,2,A,0,0][14,2,A,0,0][15,2,A,0,0]
[0,3,N,0,1][1,3,N,0,0][2,3,N,0,0][3,3,N,0,0][4,3,N,0,0][5,3,N,0,0][6,3,N,0,1][7,3,N,0,0][8,3,D,0,1][9,3,E,0,0][10,3,A,0,0][11,3,A,0,0][12,3,A,0,0][13,3,N,0,0][14,3,N,0,0][15,3,E,0,0]
[0,4,E,0,0][1,4,N,0,0][2,4,N,0,0][3,4,N,0,0][4,4,N,0,1][5,4,N,0,0][6,4,N,0,0][7,4,N,0,0][8,4,N,0,0][9,4,N,0,1][10,4,N,0,0][11,4,N,0,0][12,4,A,0,0][13,4,N,0,0][14,4,N,0,0][15,4,A,0,0]
[0,5,E,0,0][1,5,N,0,0][2,5,N,0,0][3,5,E,0,0][4,5,N,0,0][5,5,N,0,1][6,5,e,0,1][7,5,N,0,0][8,5,A,0,0][9,5,D,0,0][10,5,N,0,0][11,5,N,0,0][12,5,N,0,0][13,5,A,0,0][14,5,E,0,0][15,5,E,0,0]
[0,6,N,0,0][1,6,N,0,0][2,6,N,0,0][3,6,N,0,0][4,6,N,0,0][5,6,N,0,0][6,6,N,0,1][7,6,N,0,0][8,6,A,0,0][9,6,N,0,0][10,6,N,0,0][11,6,N,0,0][12,6,N,0,0][13,6,N,0,0][14,6,N,0,0][15,6,N,0,0]
[0,7,E,0,0][1,7,D,0,0][2,7,N,0,0][3,7,N,0,0][4,7,A,0,0][5,7,A,0,0][6,7,N,0,0][7,7,N,0,0][8,7,d,0,0][9,7,N,0,0][10,7,N,1,0][11,7,D,0,0][12,7,N,0,0][13,7,D,0,0][14,7,A,0,0][15,7,N,0,0]
###############################

######## BUILDING DATA #########
FORMAT : [x,y] Owner|BuildingType|ConstructionTimeLeft|Health|WeaponCooldownTimeLeft|WeaponDamage|EnergyGeneratedPerTurn 

[15,0] B|ENERGY|-85|5|0|0|3
[0,4] A|ENERGY|-76|5|0|0|3
[15,5] B|ENERGY|-75|5|0|0|3
[0,7] A|ENERGY|-73|5|0|0|3
[13,5] B|ATTACK|-72|5|0|5|0
[14,5] B|ENERGY|-57|5|0|0|3
[1,7] A|DEFENSE|-55|20|0|0|0
[12,4] B|ATTACK|-56|5|0|5|0
[15,1] B|ENERGY|-54|5|0|0|3
[12,0] B|ATTACK|-51|5|1|5|0
[15,4] B|ATTACK|-43|5|1|5|0
[10,3] B|ATTACK|-42|5|2|5|0
[9,3] B|ENERGY|-41|5|0|0|3
[8,3] B|DEFENSE|-34|5|0|0|0
[0,2] A|ATTACK|-36|5|0|5|0
[11,3] B|ATTACK|-35|5|1|5|0
[15,3] B|ENERGY|-33|5|0|0|3
[9,5] B|DEFENSE|-29|10|0|0|0
[14,0] B|ATTACK|-29|5|3|5|0
[14,1] B|ATTACK|-22|5|2|5|0
[10,1] B|ATTACK|-21|5|3|5|0
[9,2] B|DEFENSE|-16|5|0|0|0
[11,2] B|ENERGY|-16|5|0|0|3
[15,2] B|ATTACK|-15|5|1|5|0
[10,2] B|ATTACK|-13|5|3|5|0
[13,2] B|ATTACK|-12|5|0|5|0
[13,1] B|ENERGY|-11|5|0|0|3
[12,3] B|ATTACK|-10|5|2|5|0
[14,2] B|ATTACK|-9|5|3|5|0
[5,7] A|ATTACK|-8|5|0|5|0
[4,7] A|ATTACK|-7|5|1|5|0
[13,7] B|DEFENSE|-4|5|0|0|0
[8,6] B|ATTACK|-5|5|3|5|0
[0,5] A|ENERGY|-5|5|0|0|3
[14,7] B|ATTACK|-4|5|0|5|0
[11,7] B|DEFENSE|-1|15|0|0|0
[8,7] B|DEFENSE|0|20|0|0|0
[3,5] A|ENERGY|-2|5|0|0|3
[8,5] B|ATTACK|-1|5|3|5|0
[7,2] A|ENERGY|-1|5|0|0|3
[8,2] B|DEFENSE|2|20|0|0|0
[6,5] A|ENERGY|0|5|0|0|3
###############################

####### MISSILE DATA ########
FORMAT : [x,y] Owner|Damage|Speed 

[2,1] B|5|2
[0,3] B|5|2
[4,0] B|5|2
[4,2] B|5|2
[5,5] B|5|2
[4,4] B|5|2
[8,2] A|5|2
[5,2] B|5|2
[6,0] B|5|2
[9,4] B|5|2
[8,2] A|5|2
[9,2] B|5|2
[10,7] A|5|2
[6,3] B|5|2
[10,1] B|5|2
[8,3] B|5|2
[12,0] B|5|2
[8,1] B|5|2
[3,2] A|5|2
[8,2] B|5|2
[12,2] B|5|2
[6,6] B|5|2
[6,5] B|5|2
###############################
