XXXXXXXXX GAME INFO XXXXXXXXX
Round Number : 60
Maximum Amount Of Rounds : 400
Map Width : 16
Map Height : 8
Round Income Energy : 5
XXXXXXXXXXXXXXXXXXXXXXXXXXXXX

****** BUILDING STATS ******
type;health;constructionTime;price;weaponDamage;weaponSpeed;weaponCooldownPeriod;energyGeneratedPerTurn;destroyMultiplier;constructionScore
ATTACK;5;1;30;5;2;3;0;1;4;
DEFENSE;20;3;30;0;0;0;0;1;10;
ENERGY;5;1;20;0;0;0;3;1;3;
TESLA;5;10;100;20;0;10;0;10;20;
*****************************

***** IRON CURTAIN STATS ****
price;activeRounds;resetPeriod;constructionScore
100;6;30;20;
*****************************

---------- PLAYER A ----------
Energy : 43
Health : 60
HitsTaken : 8
Score : 2336
IronCurtainAvailable : 0
ActiveIronCurtainLifetime : -13
------------------------------

---------- PLAYER B ----------
Energy : 66
Health : 75
HitsTaken : 5
Score : 2676
IronCurtainAvailable : 0
ActiveIronCurtainLifetime : -19
------------------------------

############# MAP #############
[0,0,E,0,0][1,0,A,0,0][2,0,N,0,0][3,0,A,0,0][4,0,N,0,0][5,0,N,1,0][6,0,N,0,0][7,0,D,1,0][8,0,N,0,0][9,0,D,0,0][10,0,N,0,0][11,0,N,0,0][12,0,N,0,0][13,0,A,0,0][14,0,A,0,0][15,0,E,0,0]
[0,1,E,0,0][1,1,N,0,0][2,1,d,0,0][3,1,N,0,1][4,1,N,0,0][5,1,N,0,0][6,1,N,0,0][7,1,N,0,0][8,1,D,0,1][9,1,N,0,0][10,1,A,0,0][11,1,A,0,0][12,1,E,0,0][13,1,N,0,0][14,1,N,0,0][15,1,E,0,0]
[0,2,E,0,0][1,2,N,0,0][2,2,N,0,1][3,2,d,0,2][4,2,N,0,0][5,2,N,0,0][6,2,N,0,0][7,2,N,0,0][8,2,N,0,0][9,2,N,1,0][10,2,D,0,1][11,2,N,0,2][12,2,A,0,0][13,2,A,0,0][14,2,N,0,0][15,2,A,0,0]
[0,3,E,0,0][1,3,N,0,0][2,3,N,0,0][3,3,N,0,0][4,3,A,0,0][5,3,A,0,0][6,3,E,1,0][7,3,D,0,0][8,3,N,0,0][9,3,N,0,1][10,3,N,0,0][11,3,A,0,0][12,3,N,0,0][13,3,N,0,0][14,3,N,0,0][15,3,E,0,0]
[0,4,A,0,0][1,4,N,0,0][2,4,N,1,0][3,4,A,0,0][4,4,E,0,0][5,4,D,0,0][6,4,N,0,0][7,4,N,1,1][8,4,N,0,1][9,4,N,0,0][10,4,A,0,0][11,4,E,0,0][12,4,N,0,0][13,4,A,0,0][14,4,N,0,0][15,4,E,0,0]
[0,5,E,0,0][1,5,E,0,0][2,5,A,0,0][3,5,N,0,0][4,5,N,0,0][5,5,N,0,0][6,5,D,1,0][7,5,N,0,0][8,5,D,0,0][9,5,N,0,0][10,5,A,0,0][11,5,N,0,0][12,5,N,0,0][13,5,N,0,0][14,5,N,0,0][15,5,N,0,0]
[0,6,N,0,0][1,6,N,0,0][2,6,N,0,0][3,6,A,0,0][4,6,N,0,0][5,6,N,0,0][6,6,N,0,0][7,6,N,1,0][8,6,N,0,0][9,6,N,0,0][10,6,N,0,0][11,6,N,0,0][12,6,N,0,0][13,6,N,0,0][14,6,N,0,0][15,6,a,1,0]
[0,7,N,0,0][1,7,N,0,1][2,7,N,0,0][3,7,N,0,0][4,7,N,0,0][5,7,N,0,0][6,7,N,0,0][7,7,A,0,0][8,7,N,0,0][9,7,N,1,1][10,7,N,0,0][11,7,N,0,0][12,7,N,0,0][13,7,A,0,0][14,7,D,0,0][15,7,E,0,0]
###############################

######## BUILDING DATA #########
FORMAT : [x,y] Owner|BuildingType|ConstructionTimeLeft|Health|WeaponCooldownTimeLeft|WeaponDamage|EnergyGeneratedPerTurn 

[0,0] A|ENERGY|-59|5|0|0|3
[15,0] B|ENERGY|-59|5|0|0|3
[15,1] B|ENERGY|-56|5|0|0|3
[0,2] A|ENERGY|-54|5|0|0|3
[15,3] B|ENERGY|-52|5|0|0|3
[15,4] B|ENERGY|-50|5|0|0|3
[0,5] A|ENERGY|-49|5|0|0|3
[15,7] B|ENERGY|-47|5|0|0|3
[2,5] A|ATTACK|-46|5|2|5|0
[11,3] B|ATTACK|-41|5|3|5|0
[10,4] B|ATTACK|-37|5|3|5|0
[11,4] B|ENERGY|-34|5|0|0|3
[1,5] A|ENERGY|-31|5|0|0|3
[14,7] B|DEFENSE|-29|20|0|0|0
[3,4] A|ATTACK|-30|5|2|5|0
[0,1] A|ENERGY|-28|5|0|0|3
[3,6] A|ATTACK|-26|5|2|5|0
[3,0] A|ATTACK|-25|5|3|5|0
[12,2] B|ATTACK|-25|5|3|5|0
[13,4] B|ATTACK|-23|5|1|5|0
[0,4] A|ATTACK|-17|5|3|5|0
[8,1] B|DEFENSE|-15|10|0|0|0
[5,3] A|ATTACK|-16|5|0|5|0
[14,0] B|ATTACK|-16|5|0|5|0
[6,3] A|ENERGY|-15|5|0|0|3
[8,5] B|DEFENSE|-13|5|0|0|0
[13,7] B|ATTACK|-14|5|2|5|0
[4,4] A|ENERGY|-13|5|0|0|3
[7,3] A|DEFENSE|-8|10|0|0|0
[15,2] B|ATTACK|-10|5|2|5|0
[4,3] A|ATTACK|-9|5|3|5|0
[13,2] B|ATTACK|-9|5|3|5|0
[11,1] B|ATTACK|-8|5|0|5|0
[0,3] A|ENERGY|-7|5|0|0|3
[13,0] B|ATTACK|-7|5|1|5|0
[5,4] A|DEFENSE|-4|20|0|0|0
[10,5] B|ATTACK|-6|5|2|5|0
[6,5] A|DEFENSE|-3|15|0|0|0
[9,0] B|DEFENSE|-3|15|0|0|0
[7,0] A|DEFENSE|-2|10|0|0|0
[1,0] A|ATTACK|-3|5|1|5|0
[10,2] B|DEFENSE|-1|15|0|0|0
[2,1] A|DEFENSE|0|20|0|0|0
[12,1] B|ENERGY|-2|5|0|0|3
[7,7] A|ATTACK|-1|5|3|5|0
[10,1] B|ATTACK|-1|5|3|5|0
[3,2] A|DEFENSE|2|20|0|0|0
[15,6] B|ATTACK|0|5|0|5|0
###############################

####### MISSILE DATA ########
FORMAT : [x,y] Owner|Damage|Speed 

[15,6] A|5|2
[1,7] B|5|2
[3,2] B|5|2
[2,2] B|5|2
[3,2] B|5|2
[9,2] A|5|2
[3,1] B|5|2
[7,4] B|5|2
[7,0] A|5|2
[6,5] A|5|2
[7,4] A|5|2
[7,6] A|5|2
[9,7] B|5|2
[11,2] B|5|2
[9,3] B|5|2
[8,4] B|5|2
[5,0] A|5|2
[10,2] B|5|2
[2,4] A|5|2
[6,3] A|5|2
[11,2] B|5|2
[9,7] A|5|2
[8,1] B|5|2
###############################
