
Player A, Health= 30, Energy=    39, Score=  3405, IronCurtainAvailable= No
Player B, Health= 65, Energy=    33, Score=  3919, IronCurtainAvailable= Yes
[0 E0][1 A0][2  0][3 A0][4  0][5  >][6  0][7  >][7  0][6  0][5  0][4  0][3  0][2 e>][1  0][0 E0]
[0 E1][1 A1][2 E1][3  1][4  1][5 A1][6  1][7  1][7  1][6  >][5  1][4  >][3 E1][2  1][1  1][0 E1]
[0 A2][1 A2][2 A>][3  2][4 E2][5 A2][6 D>][< d>][<  2][6  2][<  2][<<A2][3 A2][2 A2][1 A2][0 A2]
[0 E3][1  3][2  3][3 A3][4 A3][5 A3][6 E>][7 D3][7  3][6  3][5  3][4  >][3  3][2  3][1  3][0  3]
[0 A4][1  4][2  >][3 A4][4  4][5  4][6  4][7  >][7  4][6 D4][5  4][4  4][3  4][2  4][1 E4][0 E4]
[0 E5][1 E5][2 A5][3  5][4  5][5  5][6 D>][7  5][7  5][6  5][5  5][4  5][3 D5][2  5][1  5][0  5]
[0  6][1  6][2  6][3  6][4  6][5  6][6  6][7  6][7  6][6 E6][5  6][4  6][3  6][2  6][1  6][0  6]
[<  7][1  7][2 d7][3  7][4 A7][5  7][<  7][<  7][7  7][< A7][5 A7][4 A7][3  7][2  7][1 D7][0 E7]
