XXXXXXXXX GAME INFO XXXXXXXXX
Round Number : 58
Maximum Amount Of Rounds : 400
Map Width : 16
Map Height : 8
Round Income Energy : 50
XXXXXXXXXXXXXXXXXXXXXXXXXXXXX

****** BUILDING STATS ******
type;health;constructionTime;price;weaponDamage;weaponSpeed;weaponCooldownPeriod;energyGeneratedPerTurn;destroyMultiplier;constructionScore
ATTACK;5;1;30;5;2;3;0;1;4;
DEFENSE;20;3;30;0;0;0;0;1;10;
ENERGY;5;1;20;0;0;0;3;1;3;
TESLA;5;10;100;20;0;10;0;10;20;
*****************************

***** IRON CURTAIN STATS ****
price;activeRounds;resetPeriod;constructionScore
100;600;1;20;
*****************************

---------- PLAYER A ----------
Energy : 3924
Health : 5
HitsTaken : 19
Score : 4226
IronCurtainAvailable : 1
ActiveIronCurtainLifetime : -1
------------------------------

---------- PLAYER B ----------
Energy : 4246
Health : 95
HitsTaken : 1
Score : 6010
IronCurtainAvailable : 1
ActiveIronCurtainLifetime : 544
------------------------------

############# MAP #############
[0,0,N,0,0][1,0,N,0,0][2,0,N,0,0][3,0,A,0,0][4,0,N,0,0][5,0,N,0,1][6,0,d,0,0][7,0,N,1,1][8,0,D,0,0][9,0,A,0,1][10,0,A,0,1][11,0,A,0,0][12,0,A,0,0][13,0,A,0,0][14,0,A,0,0][15,0,E,0,0]
[0,1,N,0,0][1,1,N,0,1][2,1,N,0,0][3,1,N,0,1][4,1,N,0,2][5,1,N,0,0][6,1,D,0,0][7,1,N,0,1][8,1,D,0,0][9,1,A,0,1][10,1,A,0,0][11,1,A,0,0][12,1,A,0,1][13,1,A,0,0][14,1,A,0,0][15,1,E,0,0]
[0,2,N,0,1][1,2,N,0,1][2,2,N,0,0][3,2,N,0,0][4,2,N,0,0][5,2,N,0,0][6,2,N,0,0][7,2,N,0,0][8,2,D,0,1][9,2,A,0,0][10,2,A,0,0][11,2,A,0,1][12,2,A,0,0][13,2,A,0,0][14,2,A,0,0][15,2,E,0,0]
[0,3,D,0,0][1,3,N,0,1][2,3,N,0,1][3,3,N,0,0][4,3,N,0,0][5,3,N,0,1][6,3,N,0,0][7,3,N,1,1][8,3,D,0,1][9,3,A,0,1][10,3,A,0,1][11,3,A,0,0][12,3,A,0,0][13,3,A,0,0][14,3,A,0,0][15,3,E,0,0]
[0,4,E,0,0][1,4,N,0,0][2,4,A,0,0][3,4,N,0,0][4,4,N,1,0][5,4,N,0,0][6,4,N,0,0][7,4,N,0,1][8,4,D,0,0][9,4,A,0,1][10,4,A,0,0][11,4,A,0,0][12,4,A,0,1][13,4,A,0,0][14,4,A,0,0][15,4,E,0,0]
[0,5,D,0,0][1,5,A,0,0][2,5,N,0,0][3,5,E,0,0][4,5,D,0,0][5,5,N,0,0][6,5,E,0,0][7,5,N,0,0][8,5,D,0,0][9,5,a,0,0][10,5,N,0,0][11,5,N,0,0][12,5,N,0,0][13,5,N,0,0][14,5,N,0,0][15,5,E,0,0]
[0,6,E,0,0][1,6,N,0,0][2,6,N,0,0][3,6,E,0,0][4,6,N,0,0][5,6,A,0,0][6,6,A,0,0][7,6,E,0,0][8,6,D,0,0][9,6,N,0,0][10,6,N,0,0][11,6,N,0,0][12,6,N,0,0][13,6,N,0,0][14,6,N,0,0][15,6,E,0,0]
[0,7,A,0,0][1,7,A,0,0][2,7,A,0,0][3,7,A,0,0][4,7,A,0,0][5,7,D,0,0][6,7,N,2,0][7,7,N,1,0][8,7,D,0,0][9,7,N,0,0][10,7,N,0,0][11,7,N,0,0][12,7,N,0,0][13,7,N,0,0][14,7,N,0,0][15,7,E,0,0]
###############################

######## BUILDING DATA #########
FORMAT : [x,y] Owner|BuildingType|ConstructionTimeLeft|Health|WeaponCooldownTimeLeft|WeaponDamage|EnergyGeneratedPerTurn 

[6,6] A|ATTACK|-57|5|3|5|0
[1,7] A|ATTACK|-56|5|0|5|0
[0,4] A|ENERGY|-55|5|0|0|3
[0,3] A|DEFENSE|-52|10|0|0|0
[0,6] A|ENERGY|-51|5|0|0|3
[8,0] B|DEFENSE|-46|20|0|0|0
[7,6] A|ENERGY|-48|5|0|0|3
[8,1] B|DEFENSE|-45|20|0|0|0
[8,2] B|DEFENSE|-44|20|0|0|0
[4,5] A|DEFENSE|-44|20|0|0|0
[8,3] B|DEFENSE|-43|20|0|0|0
[0,5] A|DEFENSE|-43|20|0|0|0
[8,4] B|DEFENSE|-42|20|0|0|0
[8,5] B|DEFENSE|-41|20|0|0|0
[8,6] B|DEFENSE|-40|20|0|0|0
[3,7] A|ATTACK|-42|5|2|5|0
[8,7] B|DEFENSE|-39|20|0|0|0
[15,0] B|ENERGY|-40|5|0|0|3
[15,1] B|ENERGY|-39|5|0|0|3
[15,2] B|ENERGY|-38|5|0|0|3
[15,3] B|ENERGY|-37|5|0|0|3
[3,6] A|ENERGY|-37|5|0|0|3
[15,4] B|ENERGY|-36|5|0|0|3
[5,6] A|ATTACK|-36|5|0|5|0
[15,5] B|ENERGY|-35|5|0|0|3
[15,6] B|ENERGY|-34|5|0|0|3
[15,7] B|ENERGY|-33|5|0|0|3
[10,0] B|ATTACK|-32|5|0|5|0
[10,1] B|ATTACK|-31|5|1|5|0
[10,2] B|ATTACK|-30|5|2|5|0
[2,7] A|ATTACK|-30|5|2|5|0
[10,3] B|ATTACK|-29|5|3|5|0
[4,7] A|ATTACK|-28|5|0|5|0
[10,4] B|ATTACK|-27|5|1|5|0
[0,7] A|ATTACK|-27|5|1|5|0
[9,0] B|ATTACK|-26|5|2|5|0
[11,0] B|ATTACK|-25|5|3|5|0
[12,0] B|ATTACK|-24|5|0|5|0
[13,0] B|ATTACK|-23|5|1|5|0
[6,5] A|ENERGY|-23|5|0|0|3
[14,0] B|ATTACK|-22|5|2|5|0
[9,1] B|ATTACK|-21|5|3|5|0
[11,1] B|ATTACK|-20|5|0|5|0
[1,5] A|ATTACK|-20|5|0|5|0
[12,1] B|ATTACK|-19|5|1|5|0
[13,1] B|ATTACK|-18|5|2|5|0
[14,1] B|ATTACK|-17|5|3|5|0
[2,4] A|ATTACK|-17|5|3|5|0
[9,2] B|ATTACK|-16|5|0|5|0
[3,5] A|ENERGY|-16|5|0|0|3
[11,2] B|ATTACK|-15|5|1|5|0
[12,2] B|ATTACK|-14|5|2|5|0
[13,2] B|ATTACK|-13|5|3|5|0
[14,2] B|ATTACK|-12|5|0|5|0
[9,3] B|ATTACK|-10|5|2|5|0
[11,3] B|ATTACK|-9|5|3|5|0
[5,7] A|DEFENSE|-7|20|0|0|0
[12,3] B|ATTACK|-8|5|0|5|0
[13,3] B|ATTACK|-7|5|1|5|0
[14,3] B|ATTACK|-6|5|2|5|0
[9,4] B|ATTACK|-5|5|3|5|0
[11,4] B|ATTACK|-4|5|0|5|0
[12,4] B|ATTACK|-3|5|1|5|0
[6,1] A|DEFENSE|-1|15|0|0|0
[13,4] B|ATTACK|-2|5|2|5|0
[3,0] A|ATTACK|-2|5|2|5|0
[14,4] B|ATTACK|-1|5|3|5|0
[9,5] B|ATTACK|0|5|0|5|0
[6,0] A|DEFENSE|2|20|0|0|0
###############################

####### MISSILE DATA ########
FORMAT : [x,y] Owner|Damage|Speed 

[1,1] B|5|2
[0,2] B|5|2
[2,3] B|5|2
[4,1] B|5|2
[1,3] B|5|2
[3,1] B|5|2
[1,2] B|5|2
[4,1] B|5|2
[6,7] A|5|2
[7,0] B|5|2
[7,3] B|5|2
[7,7] A|5|2
[6,7] A|5|2
[5,0] B|5|2
[10,0] B|5|2
[9,1] B|5|2
[8,2] B|5|2
[5,3] B|5|2
[10,3] B|5|2
[9,4] B|5|2
[7,0] A|5|2
[8,3] B|5|2
[9,0] B|5|2
[7,1] B|5|2
[12,1] B|5|2
[4,4] A|5|2
[11,2] B|5|2
[9,3] B|5|2
[7,4] B|5|2
[12,4] B|5|2
[7,3] A|5|2
###############################
