
Player A, Health=100, Energy=    34, Score=   574, IronCurtainAvailable= No
Player B, Health=100, Energy=    29, Score=   591, IronCurtainAvailable= No
[0E0][1 0][2 0][3 0][4 0][5 0][6 0][7 0][7 0][6 0][5 0][4 0][3 0][2 0][1 0][0E0]
[0 1][1 1][2 1][3 1][4 1][5 1][6 1][7 1][7A1][6 1][5 1][4 1][3 1][2 1][1 1][0E1]
[0E2][1A2][2e2][3 2][4 2][5 2][< 2][7 2][7 2][6 >][5 2][4 2][3A2][2 2][1 2][0E2]
[0E3][< 3][2 3][3A3][4 3][5 >][6 3][7A3][7 3][<a3][5 3][4A3][3 3][2 3][1 3][0E3]
[0E4][1 4][2 4][3 4][4 4][5 4][6 4][7 4][< 4][6 4][5A4][4 4][3 4][2 4][1 4][0E4]
[0E5][1 5][2A5][3E5][4 5][5E5][6 >][7 5][7 5][6 5][5 5][4 5][3 5][2 5][1 >][0 5]
[0 6][1 6][2 6][3 6][4 6][5 6][6 6][7 6][7 6][6 6][5 6][4 6][3 6][2 6][1 6][0E6]
[0 7][1 7][2 7][3 7][4 7][5 7][6 7][7 7][7 7][6 7][5 7][4 7][3 7][2 7][1 7][0E7]
