
Player A, Health= 25, Energy=    43, Score=  4422, IronCurtainAvailable= No
Player B, Health= 25, Energy=    30, Score=  4283, IronCurtainAvailable= Yes
[0E0][1A0][2E0][3A0][4 0][5 0][6 0][7 >][7 0][6 >][5 0][4E0][3 0][2 0][1 0][0 >]
[0E1][1A1][2E1][3 >][4 1][5A1][6 1][7a1][7 1][6 1][5 1][4 >][3 1][2 >][1 1][0 1]
[0A2][1A2][2A2][3 2][4E>][5 2][6 2][7D2][7e>][< >][5 2][4 2][3 >][2 2][1 2][0 2]
[0E3][1 3][2 3][3A3][4A3][5A>][6E3][7D>][7 >][6 3][5 3][4E3][3 3][2 >][1 3][0 >]
[0A4][1 4][2 4][3A4][4 >][5 4][6 4][7 4][7 4][6 >][5 4][4 4][3 >][2 4][1 4][0 4]
[0E5][1E5][2A5][3 5][4 5][5 5][6D5][7A5][7 >][6E5][5 5][4 5][3 5][2 5][1 5][0 5]
[0 6][1 6][2 6][3 6][4 6][5 6][6 6][7A6][7 6][6 6][5 6][4 6][3 6][2 6][1 6][0 >]
[0 7][1A7][2D7][3 7][4D7][5A7][6 7][7D>][7 7][6 >][5A7][4A7][3 7][2 7][1D7][0E7]
