
Player A, Health=100, Energy=  2247, Score=   867, IronCurtainAvailable= Yes
Player B, Health= 95, Energy=  2330, Score=   731, IronCurtainAvailable= Yes
[0 0][1 0][2 0][3 0][4 0][5 0][6 0][7T0]   / [7D0][6 0][5 0][4 0][3 0][2 0][1 0][0 0]
[0 1][1 1][2 1][3 1][4 1][5D1][6 1][7 1]   / [7d1][6 1][5 1][4 1][3 1][2 1][1 1][0 1]
[0 2][1A2][2D2][3 >][4 2][5 2][6 2][7d2]   / [7d2][6 2][5 2][4 2][3 2][2 2][1 2][0 2]
[0D3][1 3][2 3][3 3][4 3][5 3][6 3][7T3]   / [7d3][6 3][5 3][4 3][3 3][2 3][1 3][0 3]
[0E4][1 4][2 4][3 4][4 4][5 4][6 4][7 4]   / [7 4][6 4][5 4][4 4][3 4][2 4][1 4][0 4]
[0d5][1 5][2 5][3 5][4d5][5 5][6 5][7 5]   / [7 5][6 5][5 5][4 5][3 5][2 5][1 5][0 5]
[0E6][1 6][2 6][3 6][4 6][5 6][6A6][7E6]   / [7 6][6 6][5 6][4 6][3 6][2 6][1 6][0 6]
[0 7][1A7][2 7][3 7][4 7][5 7][6 7][7 >]   / [7 7][6 7][5 7][4 7][3 7][2 7][1 7][0 7]
