
Player A, Health= 90, Energy=    15, Score=   439, IronCurtainAvailable= No
Player B, Health= 85, Energy=    52, Score=   745, IronCurtainAvailable= No
[0  0][1  0][2  0][3  0][4 A0][5  0][6  0][7  0][7  0][6  0][5  0][4  0][3  0][2  0][1  0][0  0]
[0  1][1  1][2  1][3  1][4  1][5  1][6  1][7  1][7  1][6  1][5  1][4  1][3  1][2  1][1  1][0 E1]
[0  2][1  2][2  2][3  2][4  2][5  2][6  2][7 e2][7  2][6  2][5  2][4  2][3  2][2  2][1  2][0 E2]
[0  3][1  3][2  3][3  3][4  3][5  3][6  3][7  3][7  3][6  3][5  3][4  3][3  3][2  3][1  3][0 E3]
[0  4][1  4][2  4][3  4][4  4][5  4][6 A4][7  4][7 D4][6  4][5  4][4  4][3  4][2  4][1  4][0  4]
[0  5][1  5][2  5][3  5][4 D5][5  5][<  5][7  5][7 D5][<<A5][5 A5][4 A5][< A5][2 A5][1 A5][0 E5]
[0  6][1  6][2  6][3  6][4  6][5  6][6  6][7  6][7  6][6  6][5  6][4  6][3  6][2  6][1  6][0 E6]
[0  7][1  7][2  7][3  7][4  7][5  7][6  7][7  7][7  7][6  7][5  7][4  7][3  7][2  7][1  7][0 E7]
