
Player A, Health= 35, Energy=    29, Score=  3090, IronCurtainAvailable= No
Player B, Health= 65, Energy=    34, Score=  3618, IronCurtainAvailable= Yes
[0E0][1A0][2 0][3A>][4 0][5 0][6D0][7 0] \   [7 0][6 >][<D0][4 0][3 0][2 0][1A0][0E0]
[0E1][1A1][2 1][3 1][4 1][5A>][6 1][7D>] \   [7E1][6 1][5 1][4A1][3E1][2 1][1 1][0E1]
[0A2][1 2][2a2][3 2][4E2][5A2][6D>][7d>] \   [7A2][6A2][5D2][4A2][<A2][2A2][1A2][0A2]
[0E3][1 3][2 3][3 3][4A3][5A3][6E3][7D3] \   [7 3][6 >][5 >][4 3][3D3][2 3][1 3][0 3]
[0A4][1 4][2 4][3A4][4E4][5 4][6 >][7 4] \   [7 4][6d4][5 4][< >][3 4][2A4][1e4][0E4]
[0E5][1E5][2A5][3 5][4 5][5 5][6D5][7 5] \   [7 5][6 5][5 >][4 5][3D5][2 5][1 5][0 5]
[0 6][1 6][2 6][3 6][4 6][5 6][6 6][7 6] \   [7 6][6E6][5 6][4 6][3 6][2 6][1 6][0 6]
[0 7][1 7][2 7][3 7][4 7][5 7][6 7][7 7] \   [7 7][6 7][5 7][4 7][3 7][2 7][1D7][0E7]
