XXXXXXXXX GAME INFO XXXXXXXXX
Round Number : 36
Maximum Amount Of Rounds : 400
Map Width : 16
Map Height : 8
Round Income Energy : 5
XXXXXXXXXXXXXXXXXXXXXXXXXXXXX

****** BUILDING STATS ******
type;health;constructionTime;price;weaponDamage;weaponSpeed;weaponCooldownPeriod;energyGeneratedPerTurn;destroyMultiplier;constructionScore
ATTACK;5;1;30;5;2;3;0;1;4;
DEFENSE;20;3;30;0;0;0;0;1;10;
ENERGY;5;1;20;0;0;0;3;1;3;
TESLA;5;10;100;20;0;10;0;10;20;
*****************************

***** IRON CURTAIN STATS ****
price;activeRounds;resetPeriod;constructionScore
100;6;30;20;
*****************************

---------- PLAYER A ----------
Energy : 26
Health : 85
HitsTaken : 3
Score : 1277
IronCurtainAvailable : 1
ActiveIronCurtainLifetime : -6
------------------------------

---------- PLAYER B ----------
Energy : 51
Health : 80
HitsTaken : 4
Score : 1309
IronCurtainAvailable : 0
ActiveIronCurtainLifetime : 5
------------------------------

############# MAP #############
[0,0,E,0,0][1,0,N,0,0][2,0,N,0,0][3,0,A,0,0][4,0,N,0,0][5,0,N,1,0][6,0,N,0,0][7,0,N,0,0][8,0,N,0,0][9,0,N,0,0][10,0,N,0,0][11,0,N,0,0][12,0,N,0,0][13,0,N,0,0][14,0,N,0,0][15,0,E,0,0]
[0,1,E,0,0][1,1,N,0,0][2,1,N,0,0][3,1,N,0,0][4,1,N,0,0][5,1,N,0,0][6,1,A,0,0][7,1,N,0,0][8,1,N,0,0][9,1,N,0,0][10,1,N,0,0][11,1,N,0,0][12,1,N,0,0][13,1,N,0,0][14,1,N,0,0][15,1,E,0,0]
[0,2,E,0,0][1,2,A,0,0][2,2,N,0,0][3,2,N,0,0][4,2,N,0,0][5,2,d,0,0][6,2,N,0,0][7,2,N,0,0][8,2,A,0,0][9,2,N,0,0][10,2,N,0,1][11,2,N,0,0][12,2,A,0,0][13,2,N,0,0][14,2,N,0,0][15,2,N,0,0]
[0,3,N,0,0][1,3,N,0,1][2,3,N,0,0][3,3,N,0,0][4,3,N,0,0][5,3,N,0,0][6,3,N,0,0][7,3,N,0,0][8,3,N,0,0][9,3,E,0,1][10,3,N,0,0][11,3,A,0,0][12,3,N,0,0][13,3,N,0,0][14,3,N,0,0][15,3,E,0,0]
[0,4,N,0,0][1,4,N,0,0][2,4,N,0,0][3,4,A,0,0][4,4,N,0,0][5,4,N,0,0][6,4,N,0,0][7,4,D,1,0][8,4,N,0,1][9,4,N,0,0][10,4,A,0,0][11,4,E,0,0][12,4,N,0,0][13,4,N,0,0][14,4,N,0,0][15,4,E,0,0]
[0,5,E,0,0][1,5,E,0,0][2,5,A,0,0][3,5,E,0,0][4,5,N,0,0][5,5,E,0,0][6,5,N,1,0][7,5,N,0,0][8,5,N,0,0][9,5,N,0,0][10,5,N,0,0][11,5,N,0,0][12,5,N,0,0][13,5,N,0,0][14,5,N,1,0][15,5,N,0,0]
[0,6,N,0,0][1,6,N,0,0][2,6,N,0,0][3,6,A,0,0][4,6,N,0,0][5,6,N,0,0][6,6,N,0,0][7,6,N,1,0][8,6,E,0,0][9,6,E,0,0][10,6,N,0,0][11,6,N,0,0][12,6,N,0,0][13,6,N,0,0][14,6,N,0,0][15,6,E,0,0]
[0,7,N,0,0][1,7,N,0,0][2,7,N,0,0][3,7,N,0,0][4,7,N,0,0][5,7,N,0,0][6,7,N,0,0][7,7,N,0,0][8,7,N,0,0][9,7,N,0,0][10,7,N,0,0][11,7,N,0,0][12,7,N,0,0][13,7,N,0,0][14,7,D,0,0][15,7,E,0,0]
###############################

######## BUILDING DATA #########
FORMAT : [x,y] Owner|BuildingType|ConstructionTimeLeft|Health|WeaponCooldownTimeLeft|WeaponDamage|EnergyGeneratedPerTurn 

[0,0] A|ENERGY|-35|5|0|0|3
[15,0] B|ENERGY|-35|5|0|0|3
[15,1] B|ENERGY|-32|5|0|0|3
[0,2] A|ENERGY|-30|5|0|0|3
[15,3] B|ENERGY|-28|5|0|0|3
[15,4] B|ENERGY|-26|5|0|0|3
[0,5] A|ENERGY|-25|5|0|0|3
[15,6] B|ENERGY|-24|5|0|0|3
[15,7] B|ENERGY|-23|5|0|0|3
[2,5] A|ATTACK|-22|5|2|5|0
[5,5] A|ENERGY|-18|5|0|0|3
[11,3] B|ATTACK|-17|5|3|5|0
[1,2] A|ATTACK|-16|5|0|5|0
[3,5] A|ENERGY|-14|5|0|0|3
[10,4] B|ATTACK|-13|5|3|5|0
[7,4] A|DEFENSE|-8|5|0|0|0
[11,4] B|ENERGY|-10|5|0|0|3
[9,6] B|ENERGY|-8|5|0|0|3
[1,5] A|ENERGY|-7|5|0|0|3
[14,7] B|DEFENSE|-5|20|0|0|0
[3,4] A|ATTACK|-6|5|2|5|0
[9,3] B|ENERGY|-6|5|0|0|3
[6,1] A|ATTACK|-5|5|3|5|0
[0,1] A|ENERGY|-4|5|0|0|3
[8,2] B|ATTACK|-3|5|1|5|0
[3,6] A|ATTACK|-2|5|2|5|0
[8,6] B|ENERGY|-2|5|0|0|3
[3,0] A|ATTACK|-1|5|3|5|0
[12,2] B|ATTACK|-1|5|3|5|0
[5,2] A|DEFENSE|2|20|0|0|0
###############################

####### MISSILE DATA ########
FORMAT : [x,y] Owner|Damage|Speed 

[14,5] A|5|2
[1,3] B|5|2
[6,5] A|5|2
[7,4] A|5|2
[7,6] A|5|2
[9,3] B|5|2
[8,4] B|5|2
[5,0] A|5|2
[10,2] B|5|2
###############################
