
Player A, Health=100, Energy=  2381, Score=  1910, IronCurtainAvailable= No
Player B, Health= 50, Energy=  2378, Score=  1108, IronCurtainAvailable= No
[0 0][1 0][2E0][3 0][4 0][5 0][6D0][7T0][7 0][6E0][5 0][4 0][3 0][2 0][1E0][0 0]
[0 1][1d1][2 1][3 1][4 1][5 1][6 1][7A1][7 1][6 1][5 1][4 1][3 1][2D1][1 1][0 1]
[0 2][1 2][2A2][3 2][4 2][5 2][6 2][7D2][7 2][6 2][5 >][4 2][3 2][2 2][1 2][0 2]
[0 3][1 3][2A3][3 3][4E>][5 3][6 3][7T3][7D3][6 3][5 3][4 3][3 3][2 3][1 3][0D3]
[0 4][1 4][2E4][3A4][4 4][5 4][6 4][7 4][7 4][6 >][5 4][4 4][3 4][2 4][1D4][0 4]
[0 5][1A5][2A5][3a5][4 >][5A5][6 5][7A>][7 5][6 5][5 5][4 5][3 >][2 >][1 5][0 >]
[0 6][1 6][2 6][3 6][4 6][5 6][6 6][7A6][7 6][6D6][5 6][4 6][3 6][2 6][1 6][0 6]
[0 7][1 7][2 7][3 7][4 7][5 7][6A7][7 7][7D7][6T7][5 7][4 7][3 7][2 7][1 7][0 7]
