XXXXXXXXX GAME INFO XXXXXXXXX
Round Number : 19
Maximum Amount Of Rounds : 400
Map Width : 16
Map Height : 8
Round Income Energy : 5
XXXXXXXXXXXXXXXXXXXXXXXXXXXXX

****** BUILDING STATS ******
type;health;constructionTime;price;weaponDamage;weaponSpeed;weaponCooldownPeriod;energyGeneratedPerTurn;destroyMultiplier;constructionScore
ATTACK;5;2;30;5;2;3;0;1;4;
DEFENSE;20;4;30;0;0;0;0;1;10;
ENERGY;5;2;20;0;0;0;3;1;3;
TESLA;5;11;300;20;0;10;0;10;20;
*****************************

---------- PLAYER A ----------
Energy : 70
Health : 100
HitsTaken : 0
Score : 405
------------------------------

---------- PLAYER B ----------
Energy : 55
Health : 100
HitsTaken : 0
Score : 362
------------------------------

############# MAP #############
[0,0,E,0,0][1,0,N,0,0][2,0,N,0,0][3,0,N,0,0][4,0,N,0,0][5,0,N,0,0][6,0,N,0,0][7,0,N,0,0][8,0,N,0,0][9,0,N,0,0][10,0,N,0,0][11,0,N,0,0][12,0,E,0,0][13,0,N,0,0][14,0,N,0,0][15,0,N,0,0]
[0,1,E,0,0][1,1,N,0,0][2,1,N,0,0][3,1,N,0,0][4,1,N,0,0][5,1,N,0,0][6,1,N,0,0][7,1,N,0,0][8,1,N,0,0][9,1,N,0,0][10,1,N,0,0][11,1,N,0,0][12,1,N,0,0][13,1,N,0,0][14,1,N,0,0][15,1,N,0,0]
[0,2,E,0,0][1,2,N,0,0][2,2,N,0,0][3,2,N,0,0][4,2,N,0,0][5,2,N,0,0][6,2,N,0,0][7,2,N,0,0][8,2,N,0,0][9,2,N,0,0][10,2,N,0,0][11,2,N,0,0][12,2,N,0,0][13,2,E,0,0][14,2,N,0,0][15,2,N,0,0]
[0,3,E,0,0][1,3,N,0,0][2,3,N,0,0][3,3,N,0,0][4,3,N,0,0][5,3,N,0,0][6,3,N,0,0][7,3,N,0,0][8,3,N,0,0][9,3,N,0,0][10,3,N,0,0][11,3,N,0,0][12,3,d,0,0][13,3,N,0,0][14,3,N,0,0][15,3,N,0,0]
[0,4,E,0,0][1,4,N,0,0][2,4,N,0,0][3,4,N,0,0][4,4,N,0,0][5,4,N,0,0][6,4,N,0,0][7,4,N,0,0][8,4,E,0,0][9,4,N,0,0][10,4,N,0,0][11,4,E,0,0][12,4,N,0,0][13,4,N,0,0][14,4,N,0,0][15,4,N,0,0]
[0,5,E,0,0][1,5,N,0,0][2,5,N,0,0][3,5,N,0,0][4,5,N,0,0][5,5,N,0,0][6,5,N,0,0][7,5,N,0,0][8,5,N,0,0][9,5,E,0,0][10,5,N,0,0][11,5,E,0,0][12,5,N,0,0][13,5,N,0,0][14,5,N,0,0][15,5,E,0,0]
[0,6,E,0,0][1,6,N,0,0][2,6,N,0,0][3,6,N,0,0][4,6,N,0,0][5,6,N,0,0][6,6,N,0,0][7,6,N,0,0][8,6,N,0,0][9,6,N,0,0][10,6,E,0,0][11,6,N,0,0][12,6,N,0,0][13,6,N,0,0][14,6,N,0,0][15,6,N,0,0]
[0,7,e,0,0][1,7,N,0,0][2,7,N,0,0][3,7,N,0,0][4,7,A,0,0][5,7,A,0,0][6,7,A,1,0][7,7,D,0,0][8,7,N,0,0][9,7,N,1,0][10,7,d,0,0][11,7,N,0,0][12,7,N,0,0][13,7,E,0,0][14,7,N,0,0][15,7,N,0,0]
###############################

######## BUILDING DATA #########
FORMAT : [x,y] Owner|BuildingType|ConstructionTimeLeft|Health|WeaponCooldownTimeLeft|WeaponDamage|EnergyGeneratedPerTurn 

[0,0] A|ENERGY|-17|5|0|0|3
[8,4] B|ENERGY|-15|5|0|0|3
[0,1] A|ENERGY|-14|5|0|0|3
[10,6] B|ENERGY|-12|5|0|0|3
[0,2] A|ENERGY|-12|5|0|0|3
[11,4] B|ENERGY|-10|5|0|0|3
[0,3] A|ENERGY|-10|5|0|0|3
[12,0] B|ENERGY|-8|5|0|0|3
[0,4] A|ENERGY|-8|5|0|0|3
[0,5] A|ENERGY|-7|5|0|0|3
[13,2] B|ENERGY|-6|5|0|0|3
[0,6] A|ENERGY|-6|5|0|0|3
[9,5] B|ENERGY|-5|5|0|0|3
[11,5] B|ENERGY|-3|5|0|0|3
[7,7] A|DEFENSE|-1|20|0|0|0
[13,7] B|ENERGY|-2|5|0|0|3
[6,7] A|ATTACK|-2|5|1|5|0
[10,7] B|DEFENSE|1|20|0|0|0
[5,7] A|ATTACK|-1|5|2|5|0
[15,5] B|ENERGY|0|5|0|0|3
[4,7] A|ATTACK|0|5|3|5|0
[12,3] B|DEFENSE|3|20|0|0|0
[0,7] A|ENERGY|1|5|0|0|3
###############################

####### MISSILE DATA ########
FORMAT : [x,y] Owner|Damage|Speed 

[9,7] A|5|2
[6,7] A|5|2
###############################
