
Player A, Health=100, Energy=   168, Score=   493, IronCurtainAvailable= ✘
Player B, Health=100, Energy=   120, Score=   100, IronCurtainAvailable= ✘
[0 0][1 0][2 0][3 0][4 0][5E0][6 0][7 0][7 0][6 0][5 0][4 0][3 0][2 0][1 0][0 0]
[0 1][1 1][2E1][3 1][4 1][5E1][6 1][7 1][7 1][6 1][5 1][4 1][3 1][2 1][1 1][0 1]
[0 2][1 2][2 2][3E2][4E2][5 2][6 2][7 2][7 2][6 2][5 2][4 2][3 2][2 2][1 2][0 2]
[0 3][1 3][2 3][3 3][4 3][5 3][6 3][7 3][7 3][6 3][5 3][4 3][3 3][2 3][1 3][0 3]
[0 4][1 4][2E4][3 4][4E4][5 4][6 4][7 4][7 4][6 4][5 4][4 4][3 4][2 4][1 4][0 4]
[0 5][1 5][2 5][3 5][4 5][5 5][6 5][7 5][7 5][6 5][5 5][4 5][3 5][2 5][1 5][0 5]
[0 6][1E6][2 6][3E6][4E6][5 6][6 6][7 6][7 6][6 6][5 6][4 6][3 6][2 6][1 6][0 6]
[0E7][1 7][2e7][3E7][4E7][5E7][6 7][7 7][7 7][6 7][5 7][4 7][3 7][2 7][1 7][0 7]
