XXXXXXXXX GAME INFO XXXXXXXXX
Round Number : 110
Maximum Amount Of Rounds : 400
Map Width : 16
Map Height : 8
Round Income Energy : 5
XXXXXXXXXXXXXXXXXXXXXXXXXXXXX

****** BUILDING STATS ******
type;health;constructionTime;price;weaponDamage;weaponSpeed;weaponCooldownPeriod;energyGeneratedPerTurn;destroyMultiplier;constructionScore
ATTACK;5;1;30;5;2;3;0;1;4;
DEFENSE;20;3;30;0;0;0;0;1;10;
ENERGY;5;1;20;0;0;0;3;1;3;
TESLA;5;10;300;20;0;10;0;10;20;
*****************************

****** IRON CURTAIN STATS ******
price;activeRounds;resetPeriod;constructionScore
150;6;50;20;
*****************************

---------- PLAYER A ----------
Energy : 2001
Health : 5
HitsTaken : 19
Score : 7366
IronCurtainAvailable : 0
ActiveIronCurtainLifetime : -3
------------------------------

---------- PLAYER B ----------
Energy : 190
Health : 100
HitsTaken : 0
Score : 2611
IronCurtainAvailable : 1
ActiveIronCurtainLifetime : -10
------------------------------

############# MAP #############
[0,0,N,0,0][1,0,N,0,0][2,0,N,0,0][3,0,N,0,0][4,0,N,0,1][5,0,N,0,0][6,0,N,0,0][7,0,N,0,0][8,0,N,0,0][9,0,N,0,0][10,0,N,0,0][11,0,N,0,0][12,0,N,0,0][13,0,N,0,0][14,0,N,0,0][15,0,N,0,0]
[0,1,N,0,0][1,1,N,0,0][2,1,N,0,0][3,1,N,0,0][4,1,N,0,0][5,1,N,0,0][6,1,N,0,0][7,1,N,0,0][8,1,N,0,0][9,1,N,0,0][10,1,N,0,0][11,1,N,0,0][12,1,N,0,0][13,1,N,0,0][14,1,N,0,0][15,1,N,0,0]
[0,2,N,0,0][1,2,N,0,0][2,2,N,0,0][3,2,N,0,0][4,2,N,0,0][5,2,N,0,0][6,2,N,0,1][7,2,N,0,0][8,2,N,0,0][9,2,N,0,0][10,2,N,0,0][11,2,N,0,0][12,2,N,0,0][13,2,N,0,0][14,2,N,0,0][15,2,N,0,0]
[0,3,N,0,0][1,3,E,0,0][2,3,E,0,0][3,3,E,0,0][4,3,N,0,0][5,3,N,0,0][6,3,N,0,0][7,3,N,0,0][8,3,N,0,0][9,3,N,0,0][10,3,N,0,0][11,3,N,0,0][12,3,N,0,0][13,3,N,0,0][14,3,N,0,0][15,3,N,0,0]
[0,4,N,0,0][1,4,N,0,0][2,4,E,0,0][3,4,N,0,0][4,4,E,0,0][5,4,N,0,0][6,4,N,0,0][7,4,N,0,0][8,4,N,0,0][9,4,N,0,0][10,4,N,0,0][11,4,N,0,0][12,4,N,0,0][13,4,N,0,0][14,4,N,0,0][15,4,N,0,0]
[0,5,N,0,0][1,5,N,0,0][2,5,N,0,0][3,5,E,0,0][4,5,E,0,0][5,5,N,0,0][6,5,t,0,0][7,5,N,0,0][8,5,N,0,0][9,5,N,0,0][10,5,N,0,0][11,5,N,0,0][12,5,N,0,0][13,5,N,0,0][14,5,N,0,0][15,5,N,0,0]
[0,6,E,0,0][1,6,E,0,0][2,6,N,0,0][3,6,N,0,0][4,6,N,0,0][5,6,N,0,0][6,6,T,0,0][7,6,N,0,0][8,6,N,0,1][9,6,N,0,0][10,6,N,0,0][11,6,N,0,0][12,6,A,0,0][13,6,N,0,0][14,6,N,0,0][15,6,N,0,0]
[0,7,E,0,0][1,7,E,0,0][2,7,E,0,0][3,7,E,0,0][4,7,E,0,0][5,7,E,0,0][6,7,N,0,0][7,7,N,0,0][8,7,N,0,0][9,7,N,0,0][10,7,N,0,0][11,7,N,0,0][12,7,N,0,0][13,7,N,0,0][14,7,N,0,0][15,7,N,0,0]
###############################

######## BUILDING DATA #########
FORMAT : [x,y] Owner|BuildingType|ConstructionTimeLeft|Health|WeaponCooldownTimeLeft|WeaponDamage|EnergyGeneratedPerTurn 

[2,4] A|ENERGY|-102|5|0|0|3
[5,7] A|ENERGY|-100|5|0|0|3
[0,7] A|ENERGY|-99|5|0|0|3
[4,4] A|ENERGY|-98|5|0|0|3
[3,7] A|ENERGY|-97|5|0|0|3
[1,6] A|ENERGY|-95|5|0|0|3
[4,7] A|ENERGY|-93|5|0|0|3
[2,7] A|ENERGY|-90|5|0|0|3
[3,5] A|ENERGY|-88|5|0|0|3
[1,3] A|ENERGY|-83|5|0|0|3
[3,3] A|ENERGY|-82|5|0|0|3
[0,6] A|ENERGY|-81|5|0|0|3
[1,7] A|ENERGY|-80|5|0|0|3
[2,3] A|ENERGY|-74|5|0|0|3
[4,5] A|ENERGY|-73|5|0|0|3
[6,6] A|TESLA|-6|5|5|20|0
[12,6] B|ATTACK|-2|5|2|5|0
[6,5] A|TESLA|9|5|0|20|0
###############################

####### MISSILE DATA ########
FORMAT : [x,y] Owner|Damage|Speed 

[6,2] B|5|2
[4,0] B|5|2
[8,6] B|5|2
###############################
