
Player A, Health= 25, Energy=    41, Score=  4231, IronCurtainAvailable= No
Player B, Health= 35, Energy=    33, Score=  4253, IronCurtainAvailable= Yes
[0E0][1A0][2e0][3A0][4 0][5 >][6 0][7 >][7 0][6 0][5 0][4E0][3 0][2 >][1 0][0 >]
[0E1][1A1][2E1][3 1][4 1][5A1][6 1][7 1][7 1][6 >][5 1][4 >][3 1][2 1][1 1][0 1]
[0A2][1A2][2A>][3 2][4E2][5 2][6 >][7d>][< 2][6 2][5 >][< 2][3 2][2 2][1 >][0 2]
[0E3][1 3][2 3][3A3][4A3][5A3][6E>][7D3][7 3][6 3][5 3][4e>][3 3][2 >][1 3][0 3]
[0A4][1 4][2 >][3A4][4 4][5 4][6 4][7 >][7 4][6 4][5 >][4 4][3 4][2 4][1 4][0 4]
[0E5][1E5][2A5][3 5][4 5][5 5][6D>][7A5][7 5][6E5][5 5][4 5][3 5][2 >][1 5][0E5]
[0 6][1 6][2 6][3 6][4 6][5 6][6 6][7A6][7 6][6 6][5 6][4 6][3 6][2 >][1 6][0 6]
[0 7][1A7][2D7][3 7][4D7][5A>][6 7][7D>][7 7][< 7][5A7][4A7][3 7][2 7][1D7][0E7]
