XXXXXXXXX GAME INFO XXXXXXXXX
Round Number : 50
Maximum Amount Of Rounds : 400
Map Width : 16
Map Height : 8
Round Income Energy : 5
XXXXXXXXXXXXXXXXXXXXXXXXXXXXX

****** BUILDING STATS ******
type;health;constructionTime;price;weaponDamage;weaponSpeed;weaponCooldownPeriod;energyGeneratedPerTurn;destroyMultiplier;constructionScore
ATTACK;5;2;30;5;2;3;0;1;4;
DEFENSE;20;4;30;0;0;0;0;1;10;
ENERGY;5;2;20;0;0;0;3;1;3;
TESLA;5;11;300;20;0;10;0;10;20;
*****************************

---------- PLAYER A ----------
Energy : 270
Health : 80
HitsTaken : 4
Score : 2720
------------------------------

---------- PLAYER B ----------
Energy : 398
Health : 5
HitsTaken : 19
Score : 2238
------------------------------

############# MAP #############
[0,0,N,0,1][1,0,N,0,0][2,0,N,0,0][3,0,N,0,0][4,0,N,0,0][5,0,N,0,0][6,0,N,0,0][7,0,D,0,0][8,0,N,0,1][9,0,N,0,0][10,0,A,0,0][11,0,N,0,0][12,0,E,0,0][13,0,N,0,0][14,0,A,0,0][15,0,N,0,0]
[0,1,A,0,0][1,1,N,0,0][2,1,N,1,0][3,1,N,0,0][4,1,N,0,0][5,1,N,0,0][6,1,N,0,0][7,1,D,0,0][8,1,N,0,1][9,1,N,0,0][10,1,D,0,0][11,1,D,0,0][12,1,A,0,0][13,1,D,0,0][14,1,D,0,0][15,1,D,0,0]
[0,2,N,0,0][1,2,N,0,1][2,2,N,0,0][3,2,N,0,0][4,2,N,0,0][5,2,N,0,0][6,2,N,0,0][7,2,D,0,0][8,2,A,0,0][9,2,D,0,1][10,2,A,0,0][11,2,A,0,0][12,2,N,0,0][13,2,E,0,0][14,2,E,0,0][15,2,N,0,0]
[0,3,N,0,0][1,3,N,0,0][2,3,N,0,0][3,3,N,0,0][4,3,N,0,0][5,3,N,0,0][6,3,N,0,0][7,3,d,0,0][8,3,N,0,0][9,3,A,0,0][10,3,N,0,1][11,3,E,0,0][12,3,D,0,0][13,3,A,0,0][14,3,A,0,0][15,3,N,0,0]
[0,4,E,0,0][1,4,N,0,0][2,4,N,0,0][3,4,N,0,0][4,4,N,0,0][5,4,N,0,0][6,4,N,0,0][7,4,N,0,0][8,4,E,0,0][9,4,N,0,0][10,4,D,0,0][11,4,E,0,0][12,4,N,0,0][13,4,N,0,0][14,4,N,0,0][15,4,N,0,0]
[0,5,E,0,0][1,5,N,0,0][2,5,N,0,0][3,5,N,0,0][4,5,N,0,0][5,5,N,0,0][6,5,N,0,0][7,5,N,0,0][8,5,N,0,0][9,5,E,0,0][10,5,N,0,0][11,5,E,0,0][12,5,e,0,0][13,5,E,0,0][14,5,E,0,0][15,5,E,0,0]
[0,6,N,0,0][1,6,N,0,0][2,6,N,0,0][3,6,N,0,0][4,6,N,0,0][5,6,N,0,0][6,6,N,0,0][7,6,D,0,0][8,6,D,0,0][9,6,A,0,0][10,6,E,0,0][11,6,E,0,0][12,6,N,0,0][13,6,N,0,0][14,6,N,0,0][15,6,N,0,0]
[0,7,E,0,0][1,7,A,0,0][2,7,A,0,0][3,7,A,0,0][4,7,A,1,0][5,7,A,0,0][6,7,A,0,0][7,7,D,3,0][8,7,N,0,0][9,7,N,0,0][10,7,N,1,0][11,7,N,0,0][12,7,N,2,0][13,7,N,0,0][14,7,N,0,0][15,7,N,3,0]
###############################

######## BUILDING DATA #########
FORMAT : [x,y] Owner|BuildingType|ConstructionTimeLeft|Health|WeaponCooldownTimeLeft|WeaponDamage|EnergyGeneratedPerTurn 

[8,4] B|ENERGY|-46|5|0|0|3
[10,6] B|ENERGY|-43|5|0|0|3
[11,4] B|ENERGY|-41|5|0|0|3
[12,0] B|ENERGY|-39|5|0|0|3
[0,4] A|ENERGY|-39|5|0|0|3
[0,5] A|ENERGY|-38|5|0|0|3
[13,2] B|ENERGY|-37|5|0|0|3
[9,5] B|ENERGY|-36|5|0|0|3
[11,5] B|ENERGY|-34|5|0|0|3
[7,7] A|DEFENSE|-32|5|0|0|0
[6,7] A|ATTACK|-33|5|2|5|0
[5,7] A|ATTACK|-32|5|3|5|0
[15,5] B|ENERGY|-31|5|0|0|3
[4,7] A|ATTACK|-31|5|0|5|0
[12,3] B|DEFENSE|-28|20|0|0|0
[0,7] A|ENERGY|-30|5|0|0|3
[3,7] A|ATTACK|-29|5|2|5|0
[11,2] B|ATTACK|-28|5|3|5|0
[2,7] A|ATTACK|-28|5|3|5|0
[9,2] B|DEFENSE|-24|20|0|0|0
[1,7] A|ATTACK|-26|5|1|5|0
[12,1] B|ATTACK|-25|5|2|5|0
[13,3] B|ATTACK|-23|5|0|5|0
[13,5] B|ENERGY|-22|5|0|0|3
[11,1] B|DEFENSE|-19|20|0|0|0
[8,2] B|ATTACK|-20|5|3|5|0
[10,4] B|DEFENSE|-15|20|0|0|0
[10,0] B|ATTACK|-16|5|3|5|0
[14,2] B|ENERGY|-15|5|0|0|3
[14,3] B|ATTACK|-13|5|2|5|0
[14,0] B|ATTACK|-11|5|0|5|0
[9,6] B|ATTACK|-10|5|1|5|0
[14,5] B|ENERGY|-9|5|0|0|3
[7,6] A|DEFENSE|-7|10|0|0|0
[8,6] B|DEFENSE|-6|20|0|0|0
[0,1] A|ATTACK|-8|5|3|5|0
[9,3] B|ATTACK|-7|5|0|5|0
[11,3] B|ENERGY|-6|5|0|0|3
[13,1] B|DEFENSE|-3|20|0|0|0
[7,1] A|DEFENSE|-3|15|0|0|0
[10,1] B|DEFENSE|-2|20|0|0|0
[7,2] A|DEFENSE|-2|10|0|0|0
[15,1] B|DEFENSE|-1|20|0|0|0
[14,1] B|DEFENSE|0|20|0|0|0
[7,0] A|DEFENSE|0|15|0|0|0
[10,2] B|ATTACK|-1|5|2|5|0
[11,6] B|ENERGY|0|5|0|0|3
[12,5] B|ENERGY|1|5|0|0|3
[7,3] A|DEFENSE|3|20|0|0|0
###############################

####### MISSILE DATA ########
FORMAT : [x,y] Owner|Damage|Speed 

[15,7] A|5|2
[15,7] A|5|2
[15,7] A|5|2
[1,2] B|5|2
[12,7] A|5|2
[0,0] B|5|2
[12,7] A|5|2
[7,7] A|5|2
[10,7] A|5|2
[7,7] A|5|2
[8,1] B|5|2
[10,3] B|5|2
[7,7] A|5|2
[9,2] B|5|2
[4,7] A|5|2
[8,0] B|5|2
[2,1] A|5|2
###############################
