
Player A, Health= 80, Energy=    48, Score=  1414, IronCurtainAvailable= Yes
Player B, Health= 75, Energy=    61, Score=  1467, IronCurtainAvailable= No
[0 E0][1  0][2  0][3 A0][4  0][5  0][6  0][7  0]    / [7  0][6  0][5  0][4  0][3  0][2  0][1  0][0 E0]
[0 E1][1  1][2  1][3  1][4  1][5  1][6 A1][7  1]    / [7  1][6  1][5  1][4  1][3  1][2  1][1  1][0 E1]
[0 E2][1 A2][2  2][3  2][4  2][5 d>][<< 2][7  2]    / [7 A2][6  2][5  2][4  2][3 A2][2  2][1  2][0  2]
[0  3][1  3][2  3][3  3][4  3][<  3][6  3][7  3]    / [7  3][6 E3][5  3][4 A3][3  3][2  3][1  3][0 E3]
[0  4][1  4][2  4][3 A4][4  4][5  4][6 d4][7  4]    / [7  4][6  4][5 A4][< E4][3  4][2 A4][1  4][0 E4]
[0 E5][1 E5][2 A5][3 E5][4  5][5 E5][6  5][7  5]    / [7  5][6 a5][5  5][4  5][3  5][2  5][1  5][0  5]
[0  6][1  6][2  6][3 A6][4  6][5  6][6  6][7  6]    / [7 E6][6 E6][5  6][4  6][3  6][2  6][1  6][0 E6]
[0  7][1  7][2  7][3  7][4  7][5  7][6  7][7  7]    / [7  7][6  7][5  7][4  7][3  7][2  7][1 D7][0 E7]
