
Player A, Health= 75, Energy=    29, Score=  1593, IronCurtainAvailable= No
Player B, Health= 75, Energy=    91, Score=  1825, IronCurtainAvailable= No
[0E0][1 0][2 0][3A0][4 0][5 >][6 0][7 0] \   [7 0][6 0][5 0][4D0][3 0][2 0][1a0][0E0]
[0E1][1 1][2 1][3 1][4 1][5 1][6A1][7 1] \   [7d>][6 1][5 1][< 1][3 1][2A1][1 1][0E1]
[0E2][1A2][2 2][3 2][4 2][5D2][6 2][7 2] \   [7 2][6 2][< 2][4d2][3A2][2 2][1 2][0 2]
[0 3][< 3][2 3][3 3][4 3][5a3][6 3][7 3] \   [7 3][<E3][5 3][4A3][3 3][2 3][1 3][0E3]
[0A4][1 4][2 >][3A4][4 4][5 4][6D4][7 >] \   [<D4][6 4][5A4][4E4][3 4][2A4][1 4][0E4]
[0E5][1E5][2A5][3E5][4 5][5 5][6 >][7 5] \   [7 5][6A5][5 5][4 5][3 5][2 5][1 5][0 5]
[0 6][1 6][2 6][3A6][4 6][5 6][6 6][7 >] \   [7E6][6E6][5 6][4 6][3 6][2 6][1 6][0E6]
[0 7][1 7][2 7][3 7][4 7][5 7][6 7][7 7] \   [7 7][6 7][5 7][4 7][3 7][2 7][1D7][0E7]
