XXXXXXXXX GAME INFO XXXXXXXXX
Round Number : 96
Maximum Amount Of Rounds : 400
Map Width : 16
Map Height : 8
Round Income Energy : 5
XXXXXXXXXXXXXXXXXXXXXXXXXXXXX

****** BUILDING STATS ******
type;health;constructionTime;price;weaponDamage;weaponSpeed;weaponCooldownPeriod;energyGeneratedPerTurn;destroyMultiplier;constructionScore
ATTACK;5;1;30;5;2;3;0;1;4;
DEFENSE;20;3;30;0;0;0;0;1;10;
ENERGY;5;1;20;0;0;0;3;1;3;
TESLA;5;10;300;20;0;10;0;10;20;
*****************************

****** IRON CURTAIN STATS ******
price;activeRounds;resetPeriod;constructionScore
150;6;50;20;
*****************************

---------- PLAYER A ----------
Energy : 2351
Health : 45
HitsTaken : 11
Score : 6479
IronCurtainAvailable : 0
ActiveIronCurtainLifetime : -39
------------------------------

---------- PLAYER B ----------
Energy : 182
Health : 100
HitsTaken : 0
Score : 1786
IronCurtainAvailable : 1
ActiveIronCurtainLifetime : -46
------------------------------

############# MAP #############
[0,0,N,0,0][1,0,N,0,0][2,0,N,0,0][3,0,N,0,0][4,0,N,0,0][5,0,A,0,0][6,0,N,0,0][7,0,A,1,0][8,0,N,0,0][9,0,N,0,0][10,0,N,0,0][11,0,N,0,0][12,0,N,0,0][13,0,N,1,0][14,0,N,0,0][15,0,N,1,0]
[0,1,N,0,0][1,1,N,0,0][2,1,A,0,0][3,1,N,0,0][4,1,N,0,0][5,1,N,0,0][6,1,N,0,0][7,1,N,0,0][8,1,N,1,0][9,1,N,0,0][10,1,N,0,0][11,1,N,0,0][12,1,N,0,0][13,1,N,0,0][14,1,N,0,0][15,1,N,0,0]
[0,2,N,0,0][1,2,A,0,0][2,2,N,0,0][3,2,N,0,0][4,2,N,0,0][5,2,N,1,0][6,2,N,0,0][7,2,N,0,0][8,2,N,0,0][9,2,N,0,0][10,2,N,0,0][11,2,N,0,0][12,2,N,0,0][13,2,N,0,0][14,2,N,0,0][15,2,N,0,0]
[0,3,N,0,0][1,3,N,0,0][2,3,N,0,0][3,3,N,0,0][4,3,N,0,0][5,3,N,0,0][6,3,N,0,0][7,3,N,0,0][8,3,N,0,0][9,3,N,0,0][10,3,N,0,0][11,3,N,0,0][12,3,E,0,0][13,3,E,0,0][14,3,E,0,0][15,3,N,0,0]
[0,4,N,0,0][1,4,N,0,0][2,4,N,0,0][3,4,N,0,0][4,4,N,0,0][5,4,N,0,0][6,4,N,0,0][7,4,N,0,0][8,4,N,0,0][9,4,N,0,0][10,4,N,0,0][11,4,E,0,0][12,4,N,0,0][13,4,E,0,0][14,4,N,0,0][15,4,N,0,0]
[0,5,N,0,0][1,5,N,0,0][2,5,N,0,0][3,5,N,0,0][4,5,N,0,0][5,5,A,0,0][6,5,N,0,0][7,5,N,1,0][8,5,N,0,0][9,5,T,0,0][10,5,N,0,0][11,5,E,0,0][12,5,E,0,0][13,5,N,0,0][14,5,N,0,0][15,5,N,0,0]
[0,6,N,0,0][1,6,N,0,0][2,6,N,0,0][3,6,N,0,0][4,6,N,0,0][5,6,N,0,0][6,6,N,0,0][7,6,N,0,0][8,6,N,0,0][9,6,t,0,0][10,6,N,0,0][11,6,N,0,0][12,6,N,0,0][13,6,N,0,0][14,6,E,0,0][15,6,E,0,0]
[0,7,N,0,0][1,7,N,0,0][2,7,N,0,0][3,7,N,0,0][4,7,N,0,0][5,7,N,0,0][6,7,N,0,0][7,7,N,0,0][8,7,N,0,0][9,7,N,0,0][10,7,E,0,0][11,7,E,0,0][12,7,E,0,0][13,7,E,0,0][14,7,E,0,0][15,7,E,0,0]
###############################

######## BUILDING DATA #########
FORMAT : [x,y] Owner|BuildingType|ConstructionTimeLeft|Health|WeaponCooldownTimeLeft|WeaponDamage|EnergyGeneratedPerTurn 

[13,4] B|ENERGY|-88|5|0|0|3
[10,7] B|ENERGY|-86|5|0|0|3
[15,7] B|ENERGY|-85|5|0|0|3
[11,4] B|ENERGY|-84|5|0|0|3
[12,7] B|ENERGY|-83|5|0|0|3
[14,6] B|ENERGY|-81|5|0|0|3
[11,7] B|ENERGY|-79|5|0|0|3
[13,7] B|ENERGY|-76|5|0|0|3
[12,5] B|ENERGY|-74|5|0|0|3
[14,3] B|ENERGY|-69|5|0|0|3
[12,3] B|ENERGY|-68|5|0|0|3
[15,6] B|ENERGY|-67|5|0|0|3
[14,7] B|ENERGY|-66|5|0|0|3
[13,3] B|ENERGY|-60|5|0|0|3
[11,5] B|ENERGY|-59|5|0|0|3
[9,5] B|TESLA|-33|5|0|20|0
[2,1] A|ATTACK|-39|5|1|5|0
[7,0] A|ATTACK|-27|5|1|5|0
[1,2] A|ATTACK|-18|5|2|5|0
[5,0] A|ATTACK|-13|5|3|5|0
[9,6] B|TESLA|8|5|0|20|0
[5,5] A|ATTACK|-1|5|3|5|0
###############################

####### MISSILE DATA ########
FORMAT : [x,y] Owner|Damage|Speed 

[15,0] A|5|2
[8,1] A|5|2
[13,0] A|5|2
[5,2] A|5|2
[7,0] A|5|2
[7,5] A|5|2
###############################
