
Player A, Health= 20, Energy=    15, Score=   512, IronCurtainAvailable= Yes
Player B, Health= 85, Energy=   120, Score=  2117, IronCurtainAvailable= Yes
[0   0][1   0][2   0][3   0][4   0][5   0][6   0][7   0][7   0][6   0][5   0][4   0][3   0][2   0][1  a0][0  E0]
[0   1][1  A1][2   1][3   >][4   1][5  d1][6   1][7   1][7  D1][6   1][5   1][<   1][<   1][2   1][1  A1][0  A1]
[0   2][1   2][2   2][3   2][4  D2][5   2][6  E2][7   2][7   2][6   2][5   2][4   2][3   2][2   2][1   2][0  E2]
[0   3][1   3][2   3][3   3][4   3][5   3][6   3][7   3][7   3][6   3][5   3][4   3][3   3][2   3][1   3][0  E3]
[0   4][1   4][2   4][3   4][4   4][5   4][6   4][7   4][7   4][6   4][<   4][4   4][3   4][2   4][1  A4][0  E4]
[0   5][1   5][2   5][3   5][<   5][5   5][6   5][7   5][7  D5][6   5][5   5][4   5][<   5][2   5][1  A5][0  E5]
[0   6][1   6][2   6][3   6][4   6][5   6][6   6][7   6][<  D6][6   6][5   6][4   6][3   6][2   6][1  A6][0  E6]
[0   7][1   7][<<  7][3   7][<   7][5   7][6   7][<<< 7][7  D7][6  A7][<< A7][4  A7][3  A7][2  A7][1  A7][0  E7]
