XXXXXXXXX GAME INFO XXXXXXXXX
Round Number : 86
Maximum Amount Of Rounds : 400
Map Width : 16
Map Height : 8
Round Income Energy : 5
XXXXXXXXXXXXXXXXXXXXXXXXXXXXX

****** BUILDING STATS ******
type;health;constructionTime;price;weaponDamage;weaponSpeed;weaponCooldownPeriod;energyGeneratedPerTurn;destroyMultiplier;constructionScore
ATTACK;5;1;30;5;2;3;0;1;4;
DEFENSE;20;3;30;0;0;0;0;1;10;
ENERGY;5;1;20;0;0;0;3;1;3;
TESLA;5;10;100;20;0;10;0;10;20;
*****************************

***** IRON CURTAIN STATS ****
price;activeRounds;resetPeriod;constructionScore
100;6;30;20;
*****************************

---------- PLAYER A ----------
Energy : 33
Health : 25
HitsTaken : 15
Score : 3996
IronCurtainAvailable : 0
ActiveIronCurtainLifetime : -12
------------------------------

---------- PLAYER B ----------
Energy : 39
Health : 45
HitsTaken : 11
Score : 4193
IronCurtainAvailable : 1
ActiveIronCurtainLifetime : -26
------------------------------

############# MAP #############
[0,0,E,0,0][1,0,A,0,0][2,0,N,0,0][3,0,A,1,0][4,0,N,0,0][5,0,N,0,0][6,0,N,0,0][7,0,N,0,0][8,0,N,0,0][9,0,N,1,0][10,0,N,0,0][11,0,N,1,0][12,0,N,0,0][13,0,N,0,0][14,0,N,0,0][15,0,N,0,0]
[0,1,E,0,0][1,1,A,0,0][2,1,E,0,0][3,1,N,0,0][4,1,N,0,0][5,1,A,1,0][6,1,N,0,0][7,1,N,1,0][8,1,N,0,0][9,1,N,0,0][10,1,N,0,0][11,1,N,0,0][12,1,N,0,0][13,1,N,1,0][14,1,N,0,0][15,1,N,0,0]
[0,2,A,0,0][1,2,A,0,0][2,2,A,0,0][3,2,N,1,0][4,2,E,0,0][5,2,A,0,0][6,2,D,1,0][7,2,d,1,2][8,2,E,0,0][9,2,N,0,0][10,2,N,1,0][11,2,N,1,0][12,2,N,0,1][13,2,N,0,0][14,2,N,0,0][15,2,A,0,0]
[0,3,E,0,0][1,3,N,0,0][2,3,N,0,0][3,3,A,0,0][4,3,A,0,0][5,3,A,0,0][6,3,E,0,0][7,3,D,1,0][8,3,N,0,0][9,3,N,1,0][10,3,N,0,0][11,3,N,0,0][12,3,N,0,0][13,3,N,0,0][14,3,N,0,0][15,3,N,1,0]
[0,4,A,0,0][1,4,N,0,0][2,4,N,0,0][3,4,A,0,0][4,4,N,0,0][5,4,N,0,0][6,4,N,1,0][7,4,N,0,0][8,4,N,0,0][9,4,N,0,0][10,4,N,0,0][11,4,N,1,0][12,4,N,0,0][13,4,N,0,0][14,4,N,0,0][15,4,E,0,0]
[0,5,E,0,0][1,5,E,0,0][2,5,A,0,0][3,5,N,0,0][4,5,N,0,0][5,5,N,0,0][6,5,D,0,0][7,5,A,0,0][8,5,N,0,0][9,5,e,1,0][10,5,N,1,0][11,5,N,0,0][12,5,E,0,0][13,5,N,0,0][14,5,N,0,0][15,5,E,0,0]
[0,6,N,0,0][1,6,N,0,0][2,6,N,0,0][3,6,N,0,0][4,6,N,0,0][5,6,N,0,0][6,6,N,0,0][7,6,A,0,0][8,6,N,0,0][9,6,N,1,0][10,6,N,0,0][11,6,N,0,0][12,6,N,0,0][13,6,N,0,0][14,6,N,0,0][15,6,N,0,0]
[0,7,N,0,0][1,7,A,0,0][2,7,D,0,0][3,7,N,0,0][4,7,D,0,0][5,7,N,0,1][6,7,N,0,0][7,7,d,0,0][8,7,N,0,0][9,7,N,0,0][10,7,A,0,0][11,7,A,0,0][12,7,N,0,0][13,7,N,0,0][14,7,D,0,0][15,7,E,0,0]
###############################

######## BUILDING DATA #########
FORMAT : [x,y] Owner|BuildingType|ConstructionTimeLeft|Health|WeaponCooldownTimeLeft|WeaponDamage|EnergyGeneratedPerTurn 

[0,0] A|ENERGY|-85|5|0|0|3
[15,4] B|ENERGY|-76|5|0|0|3
[0,5] A|ENERGY|-75|5|0|0|3
[15,7] B|ENERGY|-73|5|0|0|3
[2,5] A|ATTACK|-72|5|0|5|0
[1,5] A|ENERGY|-57|5|0|0|3
[14,7] B|DEFENSE|-55|20|0|0|0
[3,4] A|ATTACK|-56|5|0|5|0
[0,1] A|ENERGY|-54|5|0|0|3
[3,0] A|ATTACK|-51|5|1|5|0
[0,4] A|ATTACK|-43|5|1|5|0
[5,3] A|ATTACK|-42|5|2|5|0
[6,3] A|ENERGY|-41|5|0|0|3
[7,3] A|DEFENSE|-34|5|0|0|0
[15,2] B|ATTACK|-36|5|0|5|0
[4,3] A|ATTACK|-35|5|1|5|0
[0,3] A|ENERGY|-33|5|0|0|3
[6,5] A|DEFENSE|-29|10|0|0|0
[1,0] A|ATTACK|-29|5|3|5|0
[1,1] A|ATTACK|-22|5|2|5|0
[5,1] A|ATTACK|-21|5|3|5|0
[6,2] A|DEFENSE|-16|5|0|0|0
[4,2] A|ENERGY|-16|5|0|0|3
[0,2] A|ATTACK|-15|5|1|5|0
[5,2] A|ATTACK|-13|5|3|5|0
[2,2] A|ATTACK|-12|5|0|5|0
[2,1] A|ENERGY|-11|5|0|0|3
[3,3] A|ATTACK|-10|5|2|5|0
[1,2] A|ATTACK|-9|5|3|5|0
[10,7] B|ATTACK|-8|5|0|5|0
[11,7] B|ATTACK|-7|5|1|5|0
[2,7] A|DEFENSE|-4|5|0|0|0
[7,6] A|ATTACK|-5|5|3|5|0
[15,5] B|ENERGY|-5|5|0|0|3
[1,7] A|ATTACK|-4|5|0|5|0
[4,7] A|DEFENSE|-1|15|0|0|0
[7,7] A|DEFENSE|0|20|0|0|0
[12,5] B|ENERGY|-2|5|0|0|3
[7,5] A|ATTACK|-1|5|3|5|0
[8,2] B|ENERGY|-1|5|0|0|3
[7,2] A|DEFENSE|2|20|0|0|0
[9,5] B|ENERGY|0|5|0|0|3
###############################

####### MISSILE DATA ########
FORMAT : [x,y] Owner|Damage|Speed 

[13,1] A|5|2
[15,3] A|5|2
[11,0] A|5|2
[11,2] A|5|2
[10,5] A|5|2
[11,4] A|5|2
[7,2] B|5|2
[10,2] A|5|2
[9,0] A|5|2
[6,4] A|5|2
[7,2] B|5|2
[6,2] A|5|2
[5,7] B|5|2
[9,3] A|5|2
[5,1] A|5|2
[7,3] A|5|2
[3,0] A|5|2
[7,1] A|5|2
[12,2] B|5|2
[7,2] A|5|2
[3,2] A|5|2
[9,6] A|5|2
[9,5] A|5|2
###############################
