
Player A, Health= 25, Energy=  2201, Score=  6770, IronCurtainAvailable= ✓
Player B, Health=100, Energy=   187, Score=  2174, IronCurtainAvailable= ✓
[< 0][1 0][2 0][3 0][4 0][5 0][< 0][7 0][7A0][6 0][5A0][4e0][3 0][2 0][1 0][0 0]
[0 1][1 1][2 1][3 1][4 1][< 1][6t1][7 1][7 1][6 1][5 1][4 1][3 1][2A1][1 1][0 1]
[< 2][1 2][2 2][3 2][4 2][5 2][6 2][7 2][< 2][6 2][5 2][4 2][3 2][2 2][1A2][0 2]
[0 3][1E3][2E3][3E3][4 3][5 3][6 3][7 3][7 3][6 3][5 3][4 3][3 3][2 3][1 3][0 3]
[0 4][1 4][2E4][3 4][4E4][5 4][6 4][7 4][7 4][6 4][5 4][4 4][3 4][2 4][1 4][0 4]
[0 5][1 5][2 5][3E5][4E5][5 5][6 5][7 5][7 5][6 5][5 5][4 5][3 5][2 5][1 5][0 5]
[0E6][1E6][2 6][3 6][4 6][5 6][6t6][7 6][7 6][6 6][5 6][4 6][3 6][2 6][1 6][0 6]
[0E7][1E7][2E7][3E7][4E7][5E7][6 7][7 7][7 7][6 7][5 7][4 7][3 7][2 7][1 7][0 7]
