XXXXXXXXX GAME INFO XXXXXXXXX
Round Number : 91
Maximum Amount Of Rounds : 400
Map Width : 16
Map Height : 8
Round Income Energy : 5
XXXXXXXXXXXXXXXXXXXXXXXXXXXXX

****** BUILDING STATS ******
type;health;constructionTime;price;weaponDamage;weaponSpeed;weaponCooldownPeriod;energyGeneratedPerTurn;destroyMultiplier;constructionScore
ATTACK;5;1;30;5;2;3;0;1;4;
DEFENSE;20;3;30;0;0;0;0;1;10;
ENERGY;5;1;20;0;0;0;3;1;3;
TESLA;5;10;100;20;0;10;0;10;20;
*****************************

***** IRON CURTAIN STATS ****
price;activeRounds;resetPeriod;constructionScore
100;6;30;20;
*****************************

---------- PLAYER A ----------
Energy : 15
Health : 0
HitsTaken : 22
Score : 4319
IronCurtainAvailable : 1
ActiveIronCurtainLifetime : -1
------------------------------

---------- PLAYER B ----------
Energy : 47
Health : 25
HitsTaken : 15
Score : 4899
IronCurtainAvailable : 1
ActiveIronCurtainLifetime : -1
------------------------------

############# MAP #############
[0,0,N,0,0][1,0,N,0,0][2,0,N,0,0][3,0,N,0,0][4,0,N,0,1][5,0,N,0,0][6,0,N,0,0][7,0,N,0,0][8,0,N,0,0][9,0,N,0,0][10,0,N,0,1][11,0,N,0,0][12,0,A,0,0][13,0,E,0,0][14,0,A,0,0][15,0,E,0,0]
[0,1,N,0,1][1,1,N,0,0][2,1,N,0,0][3,1,N,0,0][4,1,N,0,1][5,1,N,0,0][6,1,N,0,1][7,1,N,0,0][8,1,A,0,1][9,1,N,0,0][10,1,A,0,0][11,1,N,0,0][12,1,N,0,0][13,1,E,0,0][14,1,A,0,0][15,1,E,0,0]
[0,2,N,0,0][1,2,N,0,0][2,2,N,0,1][3,2,N,0,1][4,2,N,0,0][5,2,N,0,0][6,2,N,0,0][7,2,N,0,0][8,2,D,0,0][9,2,N,0,0][10,2,N,0,1][11,2,E,0,1][12,2,N,0,0][13,2,A,0,0][14,2,A,0,0][15,2,A,0,0]
[0,3,N,0,0][1,3,N,0,0][2,3,E,0,0][3,3,N,0,0][4,3,N,0,1][5,3,N,0,0][6,3,N,0,1][7,3,N,0,0][8,3,D,0,0][9,3,E,0,0][10,3,A,0,0][11,3,A,0,0][12,3,A,0,0][13,3,N,0,0][14,3,N,0,0][15,3,E,0,0]
[0,4,N,0,0][1,4,N,0,0][2,4,N,0,1][3,4,N,0,0][4,4,N,0,0][5,4,N,0,0][6,4,N,0,0][7,4,N,0,1][8,4,N,0,0][9,4,N,0,0][10,4,a,0,1][11,4,N,0,0][12,4,A,0,0][13,4,N,0,0][14,4,N,0,0][15,4,A,0,0]
[0,5,N,0,0][1,5,N,0,0][2,5,N,0,0][3,5,N,0,0][4,5,N,0,1][5,5,N,0,0][6,5,N,0,0][7,5,N,0,0][8,5,A,0,0][9,5,D,0,0][10,5,N,0,0][11,5,N,0,1][12,5,N,0,0][13,5,A,0,0][14,5,E,0,0][15,5,E,0,0]
[0,6,N,0,0][1,6,N,0,0][2,6,N,0,0][3,6,e,0,0][4,6,N,0,1][5,6,N,0,0][6,6,N,0,0][7,6,N,0,0][8,6,A,0,0][9,6,N,0,0][10,6,N,0,0][11,6,N,0,0][12,6,N,0,0][13,6,N,0,0][14,6,N,0,0][15,6,N,0,0]
[0,7,E,0,0][1,7,D,0,0][2,7,N,0,0][3,7,N,0,0][4,7,N,0,0][5,7,N,0,0][6,7,N,0,0][7,7,N,0,1][8,7,D,0,0][9,7,A,0,0][10,7,A,0,0][11,7,D,0,0][12,7,N,0,1][13,7,D,0,0][14,7,A,0,0][15,7,N,0,0]
###############################

######## BUILDING DATA #########
FORMAT : [x,y] Owner|BuildingType|ConstructionTimeLeft|Health|WeaponCooldownTimeLeft|WeaponDamage|EnergyGeneratedPerTurn 

[15,0] B|ENERGY|-90|5|0|0|3
[15,5] B|ENERGY|-80|5|0|0|3
[0,7] A|ENERGY|-78|5|0|0|3
[13,5] B|ATTACK|-77|5|3|5|0
[14,5] B|ENERGY|-62|5|0|0|3
[1,7] A|DEFENSE|-60|20|0|0|0
[12,4] B|ATTACK|-61|5|3|5|0
[15,1] B|ENERGY|-59|5|0|0|3
[12,0] B|ATTACK|-56|5|0|5|0
[15,4] B|ATTACK|-48|5|0|5|0
[10,3] B|ATTACK|-47|5|1|5|0
[9,3] B|ENERGY|-46|5|0|0|3
[8,3] B|DEFENSE|-39|5|0|0|0
[11,3] B|ATTACK|-40|5|0|5|0
[15,3] B|ENERGY|-38|5|0|0|3
[9,5] B|DEFENSE|-34|10|0|0|0
[14,0] B|ATTACK|-34|5|2|5|0
[14,1] B|ATTACK|-27|5|1|5|0
[10,1] B|ATTACK|-26|5|2|5|0
[11,2] B|ENERGY|-21|5|0|0|3
[15,2] B|ATTACK|-20|5|0|5|0
[13,2] B|ATTACK|-17|5|3|5|0
[13,1] B|ENERGY|-16|5|0|0|3
[12,3] B|ATTACK|-15|5|1|5|0
[14,2] B|ATTACK|-14|5|2|5|0
[13,7] B|DEFENSE|-9|5|0|0|0
[8,6] B|ATTACK|-10|5|2|5|0
[14,7] B|ATTACK|-9|5|3|5|0
[11,7] B|DEFENSE|-6|10|0|0|0
[8,7] B|DEFENSE|-5|10|0|0|0
[8,5] B|ATTACK|-6|5|2|5|0
[8,2] B|DEFENSE|-3|10|0|0|0
[10,7] B|ATTACK|-4|5|0|5|0
[13,0] B|ENERGY|-3|5|0|0|3
[8,1] B|ATTACK|-2|5|2|5|0
[9,7] B|ATTACK|-1|5|3|5|0
[2,3] A|ENERGY|-1|5|0|0|3
[10,4] B|ATTACK|0|5|0|5|0
[3,6] A|ENERGY|0|5|0|0|3
###############################

####### MISSILE DATA ########
FORMAT : [x,y] Owner|Damage|Speed 

[0,1] B|5|2
[2,2] B|5|2
[2,4] B|5|2
[3,2] B|5|2
[4,0] B|5|2
[7,4] B|5|2
[4,3] B|5|2
[8,1] B|5|2
[6,3] B|5|2
[10,0] B|5|2
[6,1] B|5|2
[10,2] B|5|2
[4,6] B|5|2
[4,5] B|5|2
[4,1] B|5|2
[11,5] B|5|2
[10,4] B|5|2
[11,2] B|5|2
[12,7] B|5|2
[7,7] B|5|2
###############################
