
Player A, Health=100, Energy=  1090, Score=  4091, IronCurtainAvailable= ✘
Player B, Health= 40, Energy=   185, Score=   408, IronCurtainAvailable= ✓
[0E0][1 0][2E0][3E0][4 0][5 0][6E0][7T0][→  ][7 0][6 0][5 0][4 0][3 0][2 0][1 0][0 0]
[0E1][1 1][2E1][3 1][4 1][5 1][6 1][7t1][→  ][7 1][6 1][5 1][4 1][3 1][2 1][1 1][0 1]
[0 2][1E2][2E2][3E2][4 2][5E2][6E2][7 2][→  ][7 2][6 2][5E2][4 2][3 2][2 2][1 2][0 2]
[0E3][1E3][2 3][3 3][4E3][5 3][6 3][7 3][→  ][7 3][6 3][5 3][4 3][3a3][2A3][1 3][0 3]
[0 4][1E4][2 4][3E4][4 4][5 4][6 4][7 4][→  ][7 4][6 4][5 4][4 4][3 4][2 4][1 4][0 4]
[0 5][1 5][2 5][3E5][4E5][5E5][6E5][7 5][→  ][7 5][6 5][5 5][4 5][3 5][2 5][1 5][0 5]
[0 6][1 6][2 6][3E6][4E6][5 6][6 6][7 6][→  ][7A6][6 6][5 6][4 6][3 6][2 6][1 6][0 6]
[0 7][1E7][2 7][3E7][4E7][5 7][6E7][7 7][→  ][7 7][6 7][5 7][4 7][3 7][2 7][1 7][0 7]
