XXXXXXXXX GAME INFO XXXXXXXXX
Round Number : 42
Maximum Amount Of Rounds : 400
Map Width : 16
Map Height : 8
Round Income Energy : 5
XXXXXXXXXXXXXXXXXXXXXXXXXXXXX

****** BUILDING STATS ******
type;health;constructionTime;price;weaponDamage;weaponSpeed;weaponCooldownPeriod;energyGeneratedPerTurn;destroyMultiplier;constructionScore
ATTACK;5;2;30;5;2;3;0;1;4;
DEFENSE;20;4;30;0;0;0;0;1;10;
ENERGY;5;2;20;0;0;0;3;1;3;
TESLA;5;11;300;20;0;10;0;10;20;
*****************************

---------- PLAYER A ----------
Energy : 253
Health : 45
HitsTaken : 11
Score : 1525
------------------------------

---------- PLAYER B ----------
Energy : 275
Health : 95
HitsTaken : 1
Score : 1947
------------------------------

############# MAP #############
[0,0,N,0,0][1,0,A,0,0][2,0,N,0,0][3,0,E,0,0][4,0,N,0,0][5,0,A,0,0][6,0,N,0,0][7,0,N,1,0][8,0,D,0,0][9,0,N,0,0][10,0,N,0,0][11,0,N,0,0][12,0,N,0,0][13,0,N,0,0][14,0,N,0,0][15,0,N,0,0]
[0,1,N,0,0][1,1,N,0,0][2,1,N,0,0][3,1,A,0,0][4,1,D,0,0][5,1,N,0,0][6,1,E,0,0][7,1,E,1,0][8,1,D,0,0][9,1,N,0,0][10,1,N,0,0][11,1,N,0,0][12,1,N,0,0][13,1,N,0,1][14,1,N,0,0][15,1,A,0,0]
[0,2,N,0,0][1,2,E,0,0][2,2,E,0,0][3,2,N,0,0][4,2,A,0,0][5,2,N,0,0][6,2,D,1,0][7,2,A,0,0][8,2,D,0,0][9,2,N,0,0][10,2,N,0,0][11,2,N,0,0][12,2,N,0,0][13,2,N,0,0][14,2,N,0,0][15,2,N,0,0]
[0,3,N,0,0][1,3,A,0,0][2,3,A,0,0][3,3,D,0,0][4,3,N,0,0][5,3,N,1,0][6,3,a,0,0][7,3,N,0,0][8,3,d,0,0][9,3,N,0,0][10,3,N,0,0][11,3,N,0,0][12,3,N,0,0][13,3,N,0,0][14,3,N,0,0][15,3,N,0,0]
[0,4,N,0,0][1,4,N,0,0][2,4,N,0,0][3,4,N,0,0][4,4,E,0,0][5,4,D,0,0][6,4,N,0,0][7,4,E,0,0][8,4,N,0,0][9,4,N,0,0][10,4,N,0,0][11,4,N,0,0][12,4,N,0,0][13,4,N,0,0][14,4,N,0,0][15,4,E,0,0]
[0,5,E,0,0][1,5,E,0,0][2,5,E,0,0][3,5,N,0,0][4,5,E,0,0][5,5,N,0,0][6,5,E,0,0][7,5,N,0,0][8,5,N,0,0][9,5,N,0,0][10,5,N,0,0][11,5,N,0,0][12,5,N,0,0][13,5,N,0,0][14,5,N,0,0][15,5,E,0,0]
[0,6,N,0,0][1,6,N,0,0][2,6,N,0,0][3,6,N,0,0][4,6,N,0,0][5,6,E,0,0][6,6,A,0,0][7,6,d,0,0][8,6,d,0,0][9,6,N,0,0][10,6,N,0,0][11,6,N,0,0][12,6,N,1,0][13,6,N,0,0][14,6,N,0,0][15,6,E,0,0]
[0,7,N,0,3][1,7,N,0,0][2,7,N,0,0][3,7,N,0,0][4,7,N,0,0][5,7,N,0,0][6,7,D,0,0][7,7,N,0,0][8,7,D,0,3][9,7,A,0,0][10,7,A,0,0][11,7,A,0,1][12,7,A,0,0][13,7,A,0,0][14,7,A,0,0][15,7,E,0,0]
###############################

######## BUILDING DATA #########
FORMAT : [x,y] Owner|BuildingType|ConstructionTimeLeft|Health|WeaponCooldownTimeLeft|WeaponDamage|EnergyGeneratedPerTurn 

[7,4] A|ENERGY|-38|5|0|0|3
[5,6] A|ENERGY|-35|5|0|0|3
[4,4] A|ENERGY|-33|5|0|0|3
[3,0] A|ENERGY|-31|5|0|0|3
[15,4] B|ENERGY|-31|5|0|0|3
[15,5] B|ENERGY|-30|5|0|0|3
[2,2] A|ENERGY|-29|5|0|0|3
[15,6] B|ENERGY|-29|5|0|0|3
[6,5] A|ENERGY|-28|5|0|0|3
[4,5] A|ENERGY|-26|5|0|0|3
[8,7] B|DEFENSE|-24|5|0|0|0
[9,7] B|ATTACK|-25|5|2|5|0
[10,7] B|ATTACK|-24|5|3|5|0
[0,5] A|ENERGY|-23|5|0|0|3
[11,7] B|ATTACK|-23|5|0|5|0
[3,3] A|DEFENSE|-20|20|0|0|0
[15,7] B|ENERGY|-22|5|0|0|3
[12,7] B|ATTACK|-21|5|2|5|0
[4,2] A|ATTACK|-20|5|3|5|0
[13,7] B|ATTACK|-20|5|3|5|0
[6,1] A|ENERGY|-19|5|0|0|3
[6,2] A|DEFENSE|-16|20|0|0|0
[14,7] B|ATTACK|-18|5|1|5|0
[3,1] A|ATTACK|-17|5|2|5|0
[8,1] B|DEFENSE|-14|5|0|0|0
[2,3] A|ATTACK|-15|5|0|5|0
[2,5] A|ENERGY|-14|5|0|0|3
[4,1] A|DEFENSE|-11|20|0|0|0
[7,2] A|ATTACK|-12|5|3|5|0
[5,4] A|DEFENSE|-7|20|0|0|0
[5,0] A|ATTACK|-8|5|3|5|0
[1,2] A|ENERGY|-7|5|0|0|3
[8,0] B|DEFENSE|-5|10|0|0|0
[7,1] A|ENERGY|-6|5|0|0|3
[8,2] B|DEFENSE|-4|5|0|0|0
[1,3] A|ATTACK|-5|5|2|5|0
[6,7] A|DEFENSE|-2|5|0|0|0
[1,0] A|ATTACK|-3|5|0|5|0
[6,6] A|ATTACK|-2|5|1|5|0
[1,5] A|ENERGY|-1|5|0|0|3
[8,6] B|DEFENSE|1|20|0|0|0
[7,6] A|DEFENSE|2|20|0|0|0
[15,1] B|ATTACK|0|5|3|5|0
[6,3] A|ATTACK|1|5|0|5|0
[8,3] B|DEFENSE|3|20|0|0|0
###############################

####### MISSILE DATA ########
FORMAT : [x,y] Owner|Damage|Speed 

[0,7] B|5|2
[0,7] B|5|2
[0,7] B|5|2
[8,7] B|5|2
[12,6] A|5|2
[8,7] B|5|2
[7,1] A|5|2
[5,3] A|5|2
[8,7] B|5|2
[6,2] A|5|2
[11,7] B|5|2
[7,0] A|5|2
[13,1] B|5|2
###############################
