
Player A, Health= 85, Energy=    30, Score=  1161, IronCurtainAvailable= Yes
Player B, Health= 85, Energy=   116, Score=  1249, IronCurtainAvailable= Yes
[0E0][1 0][2 0][3a0][4 0][5 0][6 0][7 0][7 0][6 0][5 0][4 >][3A0][2 0][1 0][0E0]
[0E1][1 1][2 1][3 1][4 1][5 1][6A1][7 1][7 1][6 1][5 1][4 1][3 1][2 1][1 1][0E1]
[0E2][1A2][2E2][3 2][< 2][5 2][6 2][7 >][7A2][6 2][5 2][4 2][3a2][2 2][1 2][0 >]
[0 3][1 3][2 3][< 3][4 3][5 3][6 3][7 3][7 3][6E3][5 3][4A3][3 3][2 3][1 3][0E3]
[0 4][1 4][2 4][3A4][4 4][5 >][6 4][7D4][7 4][6 4][5A4][4E4][3 4][2 4][1 4][0E4]
[0E5][1E5][2A5][3E5][4 >][5E5][6 5][7 5][7 5][6 5][5 5][4 5][3 >][2 5][1 5][0 5]
[0 6][1 6][2 6][3A6][4 6][5 >][6 6][7 6][7E6][6E6][5 6][4 6][3 6][2 6][1 6][0E6]
[0 7][1 7][2 7][3 7][4 7][5 7][6 7][7 7][7 7][6 7][5 7][4 7][3 7][2 7][1D7][0E7]
