XXXXXXXXX GAME INFO XXXXXXXXX
Round Number : 48
Maximum Amount Of Rounds : 400
Map Width : 16
Map Height : 8
Round Income Energy : 5
XXXXXXXXXXXXXXXXXXXXXXXXXXXXX

****** BUILDING STATS ******
type;health;constructionTime;price;weaponDamage;weaponSpeed;weaponCooldownPeriod;energyGeneratedPerTurn;destroyMultiplier;constructionScore
ATTACK;5;1;30;5;2;3;0;1;4;
DEFENSE;20;3;30;0;0;0;0;1;10;
ENERGY;5;1;20;0;0;0;3;1;3;
TESLA;5;10;300;20;0;10;0;10;20;
*****************************

****** IRON CURTAIN STATS ******
price;activeRounds;resetPeriod;constructionScore
150;6;50;20;
*****************************

---------- PLAYER A ----------
Energy : 1199
Health : 100
HitsTaken : 0
Score : 3730
IronCurtainAvailable : 0
ActiveIronCurtainLifetime : -48
------------------------------

---------- PLAYER B ----------
Energy : 183
Health : 40
HitsTaken : 3
Score : 300
IronCurtainAvailable : 0
ActiveIronCurtainLifetime : -48
------------------------------

############# MAP #############
[0,0,N,0,0][1,0,N,0,0][2,0,N,0,0][3,0,N,0,0][4,0,N,0,0][5,0,N,0,0][6,0,N,0,0][7,0,N,0,0][8,0,T,0,0][9,0,E,0,0][10,0,N,0,0][11,0,N,0,0][12,0,E,0,0][13,0,E,0,0][14,0,N,0,0][15,0,E,0,0]
[0,1,N,0,0][1,1,N,0,0][2,1,N,0,0][3,1,N,0,0][4,1,N,0,0][5,1,N,0,0][6,1,N,0,0][7,1,N,0,0][8,1,N,0,0][9,1,N,0,0][10,1,N,0,0][11,1,N,1,0][12,1,E,0,0][13,1,E,0,0][14,1,N,0,0][15,1,E,0,0]
[0,2,N,0,0][1,2,N,0,0][2,2,N,0,0][3,2,N,0,0][4,2,N,0,0][5,2,E,0,0][6,2,N,0,0][7,2,N,0,0][8,2,N,0,0][9,2,E,0,0][10,2,E,0,0][11,2,N,0,0][12,2,E,0,0][13,2,E,0,0][14,2,E,0,0][15,2,N,0,0]
[0,3,N,0,0][1,3,N,0,0][2,3,A,0,0][3,3,N,0,0][4,3,N,0,0][5,3,N,0,0][6,3,N,0,0][7,3,N,0,0][8,3,N,0,0][9,3,N,0,0][10,3,E,0,0][11,3,E,0,0][12,3,N,0,0][13,3,N,0,0][14,3,E,0,0][15,3,E,0,0]
[0,4,N,0,0][1,4,N,0,0][2,4,N,0,0][3,4,N,0,0][4,4,N,0,0][5,4,N,0,0][6,4,N,0,0][7,4,N,0,0][8,4,N,0,0][9,4,N,0,0][10,4,N,0,0][11,4,N,0,0][12,4,E,0,0][13,4,N,0,0][14,4,E,0,0][15,4,N,0,0]
[0,5,N,0,0][1,5,N,0,0][2,5,N,0,0][3,5,N,0,0][4,5,N,0,0][5,5,N,0,0][6,5,N,0,0][7,5,N,0,0][8,5,N,0,0][9,5,E,0,0][10,5,E,0,0][11,5,E,0,0][12,5,E,0,0][13,5,N,0,0][14,5,N,0,0][15,5,N,0,0]
[0,6,N,0,0][1,6,N,0,0][2,6,N,0,0][3,6,N,0,0][4,6,N,0,0][5,6,N,0,0][6,6,N,0,0][7,6,a,0,0][8,6,T,0,0][9,6,N,0,0][10,6,N,0,0][11,6,E,0,0][12,6,E,0,0][13,6,N,0,0][14,6,N,0,0][15,6,N,0,0]
[0,7,N,0,0][1,7,N,0,0][2,7,N,0,0][3,7,N,0,0][4,7,N,0,0][5,7,N,0,0][6,7,N,0,0][7,7,N,0,0][8,7,N,0,0][9,7,E,0,0][10,7,N,0,0][11,7,E,0,0][12,7,E,0,0][13,7,N,0,0][14,7,E,0,0][15,7,N,0,0]
###############################

######## BUILDING DATA #########
FORMAT : [x,y] Owner|BuildingType|ConstructionTimeLeft|Health|WeaponCooldownTimeLeft|WeaponDamage|EnergyGeneratedPerTurn 

[13,1] B|ENERGY|-47|5|0|0|3
[12,7] B|ENERGY|-44|5|0|0|3
[12,4] B|ENERGY|-42|5|0|0|3
[12,6] B|ENERGY|-40|5|0|0|3
[12,1] B|ENERGY|-38|5|0|0|3
[13,2] B|ENERGY|-37|5|0|0|3
[10,5] B|ENERGY|-36|5|0|0|3
[14,3] B|ENERGY|-35|5|0|0|3
[13,0] B|ENERGY|-34|5|0|0|3
[11,5] B|ENERGY|-33|5|0|0|3
[15,0] B|ENERGY|-32|5|0|0|3
[9,7] B|ENERGY|-30|5|0|0|3
[10,2] B|ENERGY|-29|5|0|0|3
[14,4] B|ENERGY|-28|5|0|0|3
[15,3] B|ENERGY|-27|5|0|0|3
[9,0] B|ENERGY|-26|5|0|0|3
[11,3] B|ENERGY|-25|5|0|0|3
[15,1] B|ENERGY|-24|5|0|0|3
[8,0] B|TESLA|-14|5|8|20|0
[12,2] B|ENERGY|-22|5|0|0|3
[14,2] B|ENERGY|-20|5|0|0|3
[9,2] B|ENERGY|-19|5|0|0|3
[12,5] B|ENERGY|-18|5|0|0|3
[8,6] B|TESLA|-8|5|3|20|0
[9,5] B|ENERGY|-16|5|0|0|3
[11,6] B|ENERGY|-15|5|0|0|3
[11,7] B|ENERGY|-14|5|0|0|3
[10,3] B|ENERGY|-13|5|0|0|3
[12,0] B|ENERGY|-12|5|0|0|3
[14,7] B|ENERGY|-11|5|0|0|3
[5,2] A|ENERGY|-11|5|0|0|3
[2,3] A|ATTACK|-4|5|0|5|0
[7,6] A|ATTACK|0|5|0|5|0
###############################

####### MISSILE DATA ########
FORMAT : [x,y] Owner|Damage|Speed 

[11,1] A|5|2
###############################
