
Player A, Health=100, Energy=  2510, Score=  1654, IronCurtainAvailable= Yes
Player B, Health= 95, Energy=  2683, Score=  1405, IronCurtainAvailable= Yes
[0A0][1 0][2 0][3A0][4 >][5 0][6 0][7 >]   / [7D0][6 0][5 0][4 0][3 0][2 0][1 0][0E0]
[0a1][1 1][2 1][3 1][4d1][5D1][6 1][7A1]   / [7D1][6 1][5 1][4 1][3 1][2 1][1 1][0E1]
[0D2][1A2][2D2][3 2][4 2][5 2][6 2][7D2]   / [7D2][6 2][5 2][4 2][3 2][2 2][1 2][0E2]
[0D3][1 3][2 3][3E3][4 3][5 3][6 3][7T3]   / [7D3][6 3][5 3][4 3][3 3][2 3][1 3][0E3]
[0E4][1 4][2 4][3A4][4 4][5 4][6 4][7 4]   / [7D4][6 4][5 4][4 4][3 4][2 4][1 4][0E4]
[0D5][1 5][2 5][3 5][4D5][5 5][6 5][7 5]   / [7D5][6 5][5 5][4 5][3 5][2 5][1 5][0E5]
[0E6][1 6][2 6][3E6][4 6][5A6][6A6][7E6]   / [7D6][6 6][5 6][4 6][3 6][2 6][1 6][0e6]
[0 7][1A7][2 7][3A7][4 7][5 >][6 7][7 7]   / [7D7][6 7][5 7][4 7][3 7][2 7][1 7][0 7]
