
Player A, Health= 35, Energy=    42, Score=  3249, IronCurtainAvailable= No
Player B, Health= 65, Energy=    32, Score=  3722, IronCurtainAvailable= Yes
[0 E0][1 A0][2  0][3 A0][4  0][5  0][6 D0][7  >][7  0][6  >][5  0][4  0][<  0][2  0][1 A0][0 E0]
[0 E1][1 A1][2 E1][3  >][4  1][5 A1][6  1][7 D1][7  1][<  1][5  1][4  1][3 E1][2  1][1  1][0 E1]
[0 A2][1 a2][2 A2][3  2][4 E>][5 A2][6 D2][7 D2][< e>][<< 2][5 D2][4 A2][3 A2][2 A2][1 A2][0 A2]
[0 E3][1  3][2  3][3 A3][4 A3][5 A>][6 E3][7 D>][7  >][6  3][5  3][4  3][3 D3][2  3][1  3][0  3]
[0 A4][1  4][2  4][3 A4][4 E>][<  4][6  4][7  4][7  4][6 D4][5  4][4  4][3  4][2  4][1 E4][0 E4]
[0 E5][1 E5][2 A5][3  5][4  5][5  5][6 D5][7  5][7  >][6  5][5  5][4  5][3 D5][2  5][1  5][0  5]
[0  6][1  6][2  6][3  6][4  6][5  6][6  6][7  6][7  6][6 E6][5  6][4  6][3  6][2  6][1  6][0  6]
[0  7][1  7][2  7][3  7][4  7][<  7][<  7][7  7][7 A7][6 A7][5  7][4  7][3  7][2  7][1 D7][0 E7]
