XXXXXXXXX GAME INFO XXXXXXXXX
Round Number : 78
Maximum Amount Of Rounds : 400
Map Width : 16
Map Height : 8
Round Income Energy : 5
XXXXXXXXXXXXXXXXXXXXXXXXXXXXX

****** BUILDING STATS ******
type;health;constructionTime;price;weaponDamage;weaponSpeed;weaponCooldownPeriod;energyGeneratedPerTurn;destroyMultiplier;constructionScore
ATTACK;5;1;30;5;2;3;0;1;4;
DEFENSE;20;3;30;0;0;0;0;1;10;
ENERGY;5;1;20;0;0;0;3;1;3;
TESLA;5;10;100;20;0;10;0;10;20;
*****************************

***** IRON CURTAIN STATS ****
price;activeRounds;resetPeriod;constructionScore
100;6;30;20;
*****************************

---------- PLAYER A ----------
Energy : 41
Health : 35
HitsTaken : 13
Score : 3287
IronCurtainAvailable : 0
ActiveIronCurtainLifetime : -4
------------------------------

---------- PLAYER B ----------
Energy : 31
Health : 65
HitsTaken : 7
Score : 3775
IronCurtainAvailable : 1
ActiveIronCurtainLifetime : -18
------------------------------

############# MAP #############
[0,0,E,0,0][1,0,A,0,0][2,0,N,0,0][3,0,A,1,0][4,0,N,0,0][5,0,N,0,0][6,0,D,0,0][7,0,N,0,0][8,0,N,0,0][9,0,N,1,0][10,0,N,0,1][11,0,N,1,0][12,0,N,0,0][13,0,N,0,0][14,0,A,0,0][15,0,E,0,0]
[0,1,E,0,0][1,1,A,0,0][2,1,E,0,0][3,1,N,0,0][4,1,N,0,0][5,1,A,1,0][6,1,N,0,0][7,1,N,1,0][8,1,N,0,0][9,1,N,0,0][10,1,N,0,0][11,1,N,0,0][12,1,E,0,0][13,1,N,0,0][14,1,N,0,0][15,1,E,0,0]
[0,2,A,0,0][1,2,A,0,0][2,2,A,0,0][3,2,N,1,0][4,2,E,0,0][5,2,A,0,0][6,2,D,1,0][7,2,N,1,1][8,2,E,0,0][9,2,N,0,0][10,2,D,0,0][11,2,A,0,0][12,2,A,0,1][13,2,A,0,0][14,2,A,0,0][15,2,A,0,0]
[0,3,E,0,0][1,3,N,0,0][2,3,N,0,0][3,3,A,0,0][4,3,A,0,0][5,3,A,0,0][6,3,E,0,0][7,3,D,1,0][8,3,N,0,0][9,3,N,1,0][10,3,N,1,0][11,3,N,0,0][12,3,D,0,0][13,3,N,0,0][14,3,N,0,0][15,3,N,0,0]
[0,4,A,0,0][1,4,N,0,0][2,4,N,0,0][3,4,A,0,0][4,4,N,0,0][5,4,N,0,0][6,4,N,1,0][7,4,N,0,0][8,4,N,0,0][9,4,D,0,0][10,4,N,0,0][11,4,N,0,0][12,4,N,0,0][13,4,N,0,0][14,4,E,0,0][15,4,E,0,0]
[0,5,E,0,0][1,5,E,0,0][2,5,A,0,0][3,5,N,0,0][4,5,N,0,0][5,5,N,0,0][6,5,D,0,0][7,5,N,0,0][8,5,N,0,0][9,5,N,0,0][10,5,N,1,0][11,5,N,0,0][12,5,D,0,0][13,5,N,0,0][14,5,N,0,0][15,5,N,0,0]
[0,6,N,0,0][1,6,N,0,0][2,6,N,0,0][3,6,N,0,0][4,6,N,0,0][5,6,N,0,0][6,6,N,0,0][7,6,N,0,0][8,6,N,0,0][9,6,E,0,0][10,6,N,0,0][11,6,N,0,0][12,6,N,0,0][13,6,N,0,0][14,6,N,0,0][15,6,N,0,0]
[0,7,N,0,0][1,7,N,0,0][2,7,N,0,0][3,7,N,0,1][4,7,a,0,1][5,7,N,0,0][6,7,N,0,0][7,7,N,0,0][8,7,A,0,0][9,7,A,0,0][10,7,a,0,0][11,7,N,0,0][12,7,N,0,0][13,7,N,0,0][14,7,D,0,0][15,7,E,0,0]
###############################

######## BUILDING DATA #########
FORMAT : [x,y] Owner|BuildingType|ConstructionTimeLeft|Health|WeaponCooldownTimeLeft|WeaponDamage|EnergyGeneratedPerTurn 

[0,0] A|ENERGY|-77|5|0|0|3
[15,0] B|ENERGY|-77|5|0|0|3
[15,1] B|ENERGY|-74|5|0|0|3
[15,4] B|ENERGY|-68|5|0|0|3
[0,5] A|ENERGY|-67|5|0|0|3
[15,7] B|ENERGY|-65|5|0|0|3
[2,5] A|ATTACK|-64|5|0|5|0
[1,5] A|ENERGY|-49|5|0|0|3
[14,7] B|DEFENSE|-47|20|0|0|0
[3,4] A|ATTACK|-48|5|0|5|0
[0,1] A|ENERGY|-46|5|0|0|3
[3,0] A|ATTACK|-43|5|1|5|0
[12,2] B|ATTACK|-43|5|1|5|0
[0,4] A|ATTACK|-35|5|1|5|0
[5,3] A|ATTACK|-34|5|2|5|0
[14,0] B|ATTACK|-34|5|2|5|0
[6,3] A|ENERGY|-33|5|0|0|3
[7,3] A|DEFENSE|-26|5|0|0|0
[15,2] B|ATTACK|-28|5|0|5|0
[4,3] A|ATTACK|-27|5|1|5|0
[13,2] B|ATTACK|-27|5|1|5|0
[0,3] A|ENERGY|-25|5|0|0|3
[6,5] A|DEFENSE|-21|10|0|0|0
[1,0] A|ATTACK|-21|5|3|5|0
[10,2] B|DEFENSE|-19|5|0|0|0
[12,1] B|ENERGY|-20|5|0|0|3
[6,0] A|DEFENSE|-15|5|0|0|0
[1,1] A|ATTACK|-14|5|2|5|0
[12,5] B|DEFENSE|-12|10|0|0|0
[5,1] A|ATTACK|-13|5|3|5|0
[9,6] B|ENERGY|-12|5|0|0|3
[12,3] B|DEFENSE|-9|10|0|0|0
[6,2] A|DEFENSE|-8|20|0|0|0
[14,2] B|ATTACK|-9|5|3|5|0
[4,2] A|ENERGY|-8|5|0|0|3
[11,2] B|ATTACK|-8|5|0|5|0
[0,2] A|ATTACK|-7|5|1|5|0
[5,2] A|ATTACK|-5|5|3|5|0
[9,4] B|DEFENSE|-3|10|0|0|0
[2,2] A|ATTACK|-4|5|0|5|0
[14,4] B|ENERGY|-4|5|0|0|3
[2,1] A|ENERGY|-3|5|0|0|3
[9,7] B|ATTACK|-3|5|1|5|0
[3,3] A|ATTACK|-2|5|2|5|0
[8,7] B|ATTACK|-2|5|2|5|0
[1,2] A|ATTACK|-1|5|3|5|0
[8,2] B|ENERGY|-1|5|0|0|3
[4,7] A|ATTACK|0|5|0|5|0
[10,7] B|ATTACK|0|5|0|5|0
###############################

####### MISSILE DATA ########
FORMAT : [x,y] Owner|Damage|Speed 

[11,0] A|5|2
[10,5] A|5|2
[9,0] A|5|2
[6,4] A|5|2
[10,3] A|5|2
[7,2] B|5|2
[6,2] A|5|2
[3,7] B|5|2
[9,3] A|5|2
[10,0] B|5|2
[5,1] A|5|2
[7,3] A|5|2
[4,7] B|5|2
[3,0] A|5|2
[7,1] A|5|2
[12,2] B|5|2
[7,2] A|5|2
[3,2] A|5|2
###############################
