
Player A, Health= 35, Energy=    32, Score=  2970, IronCurtainAvailable= No
Player B, Health= 65, Energy=    26, Score=  3524, IronCurtainAvailable= Yes
[0E0][1A0][2 0][3A0][4 0][5 >][6D0][7 0] \   [< 0][6 0][5D0][4 0][3 0][2 0][1A0][0E0]
[0E1][1A1][2 1][3 1][4 1][5A1][6 1][7D>] \   [7 1][6 1][5A1][4A1][3E1][2 1][1 1][0E1]
[0a2][1 2][2 2][3 2][4E2][5 2][6D2][7 2] \   [7a2][<A2][<D2][4A2][3A2][<A2][1A2][0A2]
[0E3][1 3][2 3][3 3][4A3][5A3][6E3][7D3] \   [7 3][6 3][5 3][4 3][3D3][2 3][1 3][0 3]
[0A4][1 4][2 4][3A4][4E4][5 >][6 4][7 4] \   [7 >][< 4][5 4][4E4][3 4][2A4][1 4][0E4]
[0E5][1E5][2A5][3 5][4 >][5 5][6D5][7 5] \   [7 5][6 5][5 5][4 5][3D5][2 5][1 5][0 5]
[0 6][1 6][2 6][3 6][4 6][5 6][6 6][7 6] \   [7 6][6E6][5 6][4 6][3 6][2 6][1 6][0 6]
[0 7][1 7][2 7][3 7][4 7][5 7][6 7][7 7] \   [7 7][6 7][5 7][4 7][3 7][2 7][1D7][0E7]
