
Player A, Health= 25, Energy=    34, Score=  3792, IronCurtainAvailable= No
Player B, Health= 55, Energy=    39, Score=  4160, IronCurtainAvailable= Yes
[0 E0][1 A0][2  0][3 A0][4  0][5  0][6  0][7  >][7  0][6  >][5  0][4  0][3  0][2  0][1  0][0  >]
[0 E1][1 A1][2 E1][3  >][4  1][5 A1][6  1][7  1][7  1][6  1][5  1][4  >][3  1][2  1][1  1][0  1]
[0 A2][1 A2][2 A2][3  2][4 E>][5 A2][6 D2][7  2][7 e>][<< >][5  2][4  2][3  >][2  2][1 A2][0 A2]
[0 E3][1  3][2  3][3 A3][4 A3][5 A>][6 E3][7 D>][7  3][6  3][5  3][4  3][3  3][2  >][1  3][0  >]
[0 A4][1  4][2  4][3 A4][4  >][5  4][6  4][7  4][7  4][6  >][5  4][4  4][3  >][2  4][1 E4][0 E4]
[0 E5][1 E5][2 A5][3  5][4  5][5  5][6 D5][7 a5][7  >][6  5][5  5][4  5][3 E5][2  5][1  5][0 E5]
[0  6][1  6][2  6][3  6][4  6][5  6][6  6][7 A6][7  6][6  6][5  6][4  6][3  6][2  6][1  6][0  6]
[0  7][1 A7][2 D7][3  7][< d7][<  7][6  7][< d>][7  7][6 A7][5 A7][4 A7][3  7][2  7][1 D7][0 E7]
