
Player A, Health= 60, Energy=    44, Score=  2287, IronCurtainAvailable= No
Player B, Health= 75, Energy=    70, Score=  2631, IronCurtainAvailable= No
[0 E0][1 A0][2  0][3 A0][4  0][5  >][6  0][7 D0][<  0][< D0][5  0][4  0][3  0][2 A0][1 A0][0 E0]
[0 E1][1  1][2 d1][3  1][4  1][<  1][6  1][7  1][7 D1][6  1][5 a1][4 A1][3 E1][2  1][1  1][0 E1]
[0 E2][1  2][2  2][3  2][<  2][<< 2][6  2][7  >][7  >][6  2][5 d2][4  2][3 A2][< A2][1  2][0 A2]
[0 E3][1  3][2  3][3  3][4 A3][5 A3][6 E3][7 D3][7  3][6  3][5  3][4 A3][3  3][2  3][1  3][0 E3]
[0 A4][1  4][2  4][3 A4][4 E4][5 D>][6  4][7  4][7  >][< D4][5 A4][4 E4][3  4][2 A4][1  4][0 E4]
[0 E5][1 E5][2 A5][3  5][4  >][5  5][6 D5][7  5][< D5][6  5][5 A5][4  5][3  5][2  5][1  5][0  5]
[0  6][1  6][2  6][3 A6][4  6][5  >][6  6][7  6][7  6][6  6][5  6][4  6][3  6][2  >][1  6][0  6]
[0  7][1  7][2  7][<  7][4  7][5  7][6  7][7 a7][7  7][6  7][5  7][<  7][3  7][2 A7][1 D7][0 E7]
