XXXXXXXXX GAME INFO XXXXXXXXX
Round Number : 35
Maximum Amount Of Rounds : 400
Map Width : 16
Map Height : 8
Round Income Energy : 50
XXXXXXXXXXXXXXXXXXXXXXXXXXXXX

****** BUILDING STATS ******
type;health;constructionTime;price;weaponDamage;weaponSpeed;weaponCooldownPeriod;energyGeneratedPerTurn;destroyMultiplier;constructionScore
ATTACK;5;1;30;5;2;3;0;1;4;
DEFENSE;20;3;30;0;0;0;0;1;10;
ENERGY;5;1;20;0;0;0;3;1;3;
TESLA;5;10;100;20;0;10;0;10;20;
*****************************

***** IRON CURTAIN STATS ****
price;activeRounds;resetPeriod;constructionScore
100;600;1;20;
*****************************

---------- PLAYER A ----------
Energy : 2958
Health : 100
HitsTaken : 0
Score : 2467
IronCurtainAvailable : 1
ActiveIronCurtainLifetime : -1
------------------------------

---------- PLAYER B ----------
Energy : 3204
Health : 95
HitsTaken : 1
Score : 2359
IronCurtainAvailable : 1
ActiveIronCurtainLifetime : 567
------------------------------

############# MAP #############
[0,0,A,0,0][1,0,E,0,0][2,0,N,1,0][3,0,N,0,0][4,0,N,0,0][5,0,D,0,0][6,0,N,0,0][7,0,N,0,1][8,0,D,0,1][9,0,A,0,0][10,0,A,0,1][11,0,A,0,0][12,0,A,0,0][13,0,a,0,0][14,0,N,0,0][15,0,E,0,0]
[0,1,A,0,0][1,1,D,0,0][2,1,N,0,0][3,1,N,0,0][4,1,D,0,0][5,1,D,0,0][6,1,N,1,0][7,1,N,0,0][8,1,D,0,0][9,1,N,0,0][10,1,A,0,0][11,1,N,0,0][12,1,N,0,0][13,1,N,0,0][14,1,N,0,0][15,1,E,0,0]
[0,2,D,0,0][1,2,A,0,0][2,2,D,0,0][3,2,N,0,0][4,2,N,0,0][5,2,N,0,0][6,2,N,0,0][7,2,D,1,0][8,2,D,0,0][9,2,N,0,0][10,2,A,0,0][11,2,N,0,0][12,2,N,0,0][13,2,N,0,0][14,2,N,0,0][15,2,E,0,0]
[0,3,D,0,0][1,3,d,0,0][2,3,E,0,0][3,3,E,0,0][4,3,N,0,0][5,3,N,0,0][6,3,N,0,1][7,3,N,0,0][8,3,D,0,0][9,3,N,0,0][10,3,A,0,0][11,3,N,0,0][12,3,N,0,0][13,3,N,0,0][14,3,N,0,0][15,3,E,0,0]
[0,4,E,0,0][1,4,N,0,0][2,4,N,0,0][3,4,N,0,0][4,4,N,0,0][5,4,N,0,0][6,4,D,0,0][7,4,N,1,0][8,4,D,0,0][9,4,N,0,0][10,4,A,0,0][11,4,N,0,0][12,4,N,0,0][13,4,N,0,0][14,4,N,0,0][15,4,E,0,0]
[0,5,D,0,0][1,5,N,0,0][2,5,N,0,0][3,5,N,0,0][4,5,D,0,0][5,5,N,0,0][6,5,e,0,0][7,5,N,0,0][8,5,D,0,0][9,5,N,0,0][10,5,N,0,0][11,5,N,0,0][12,5,N,0,0][13,5,N,0,0][14,5,N,0,0][15,5,E,0,0]
[0,6,E,0,0][1,6,N,0,0][2,6,N,0,0][3,6,E,0,0][4,6,N,0,0][5,6,A,0,0][6,6,A,0,0][7,6,E,1,0][8,6,D,0,0][9,6,N,0,0][10,6,N,0,0][11,6,N,0,0][12,6,N,0,0][13,6,N,0,0][14,6,N,0,0][15,6,E,0,0]
[0,7,A,0,0][1,7,A,0,0][2,7,A,0,0][3,7,A,1,0][4,7,A,0,0][5,7,N,0,0][6,7,N,1,0][7,7,N,0,0][8,7,D,0,0][9,7,N,0,0][10,7,N,0,0][11,7,N,0,0][12,7,N,0,0][13,7,N,0,0][14,7,N,0,0][15,7,E,0,0]
###############################

######## BUILDING DATA #########
FORMAT : [x,y] Owner|BuildingType|ConstructionTimeLeft|Health|WeaponCooldownTimeLeft|WeaponDamage|EnergyGeneratedPerTurn 

[6,6] A|ATTACK|-34|5|2|5|0
[1,7] A|ATTACK|-33|5|3|5|0
[0,4] A|ENERGY|-32|5|0|0|3
[0,3] A|DEFENSE|-29|20|0|0|0
[2,2] A|DEFENSE|-28|20|0|0|0
[0,6] A|ENERGY|-28|5|0|0|3
[1,2] A|ATTACK|-27|5|1|5|0
[5,1] A|DEFENSE|-24|15|0|0|0
[8,0] B|DEFENSE|-23|20|0|0|0
[7,6] A|ENERGY|-25|5|0|0|3
[8,1] B|DEFENSE|-22|20|0|0|0
[7,2] A|DEFENSE|-22|10|0|0|0
[8,2] B|DEFENSE|-21|20|0|0|0
[4,5] A|DEFENSE|-21|20|0|0|0
[8,3] B|DEFENSE|-20|20|0|0|0
[0,5] A|DEFENSE|-20|20|0|0|0
[8,4] B|DEFENSE|-19|20|0|0|0
[8,5] B|DEFENSE|-18|20|0|0|0
[0,2] A|DEFENSE|-18|20|0|0|0
[8,6] B|DEFENSE|-17|20|0|0|0
[3,7] A|ATTACK|-19|5|1|5|0
[8,7] B|DEFENSE|-16|20|0|0|0
[15,0] B|ENERGY|-17|5|0|0|3
[0,0] A|ATTACK|-17|5|3|5|0
[15,1] B|ENERGY|-16|5|0|0|3
[3,3] A|ENERGY|-16|5|0|0|3
[15,2] B|ENERGY|-15|5|0|0|3
[15,3] B|ENERGY|-14|5|0|0|3
[3,6] A|ENERGY|-14|5|0|0|3
[15,4] B|ENERGY|-13|5|0|0|3
[5,6] A|ATTACK|-13|5|3|5|0
[15,5] B|ENERGY|-12|5|0|0|3
[4,1] A|DEFENSE|-10|20|0|0|0
[15,6] B|ENERGY|-11|5|0|0|3
[0,1] A|ATTACK|-11|5|1|5|0
[15,7] B|ENERGY|-10|5|0|0|3
[1,1] A|DEFENSE|-8|20|0|0|0
[10,0] B|ATTACK|-9|5|3|5|0
[1,0] A|ENERGY|-9|5|0|0|3
[10,1] B|ATTACK|-8|5|0|5|0
[5,0] A|DEFENSE|-6|15|0|0|0
[10,2] B|ATTACK|-7|5|1|5|0
[2,7] A|ATTACK|-7|5|1|5|0
[10,3] B|ATTACK|-6|5|2|5|0
[4,7] A|ATTACK|-5|5|3|5|0
[10,4] B|ATTACK|-4|5|0|5|0
[0,7] A|ATTACK|-4|5|0|5|0
[9,0] B|ATTACK|-3|5|1|5|0
[6,4] A|DEFENSE|-1|20|0|0|0
[11,0] B|ATTACK|-2|5|2|5|0
[2,3] A|ENERGY|-2|5|0|0|3
[12,0] B|ATTACK|-1|5|3|5|0
[1,3] A|DEFENSE|1|20|0|0|0
[13,0] B|ATTACK|0|5|0|5|0
[6,5] A|ENERGY|0|5|0|0|3
###############################

####### MISSILE DATA ########
FORMAT : [x,y] Owner|Damage|Speed 

[7,2] A|5|2
[6,1] A|5|2
[7,4] A|5|2
[6,3] B|5|2
[7,0] B|5|2
[3,7] A|5|2
[2,0] A|5|2
[7,6] A|5|2
[8,0] B|5|2
[6,7] A|5|2
[10,0] B|5|2
###############################
