XXXXXXXXX GAME INFO XXXXXXXXX
Round Number : 56
Maximum Amount Of Rounds : 400
Map Width : 16
Map Height : 8
Round Income Energy : 5
XXXXXXXXXXXXXXXXXXXXXXXXXXXXX

****** BUILDING STATS ******
type;health;constructionTime;price;weaponDamage;weaponSpeed;weaponCooldownPeriod;energyGeneratedPerTurn;destroyMultiplier;constructionScore
ATTACK;5;1;30;5;2;3;0;1;4;
DEFENSE;20;3;30;0;0;0;0;1;10;
ENERGY;5;1;20;0;0;0;3;1;3;
TESLA;5;10;100;20;0;10;0;10;20;
*****************************

***** IRON CURTAIN STATS ****
price;activeRounds;resetPeriod;constructionScore
100;6;30;20;
*****************************

---------- PLAYER A ----------
Energy : 75
Health : 75
HitsTaken : 5
Score : 2429
IronCurtainAvailable : 0
ActiveIronCurtainLifetime : -15
------------------------------

---------- PLAYER B ----------
Energy : 44
Health : 65
HitsTaken : 7
Score : 2144
IronCurtainAvailable : 0
ActiveIronCurtainLifetime : -9
------------------------------

############# MAP #############
[0,0,E,0,0][1,0,A,0,0][2,0,A,0,0][3,0,N,0,0][4,0,N,0,0][5,0,N,0,0][6,0,d,0,0][7,0,N,0,0][8,0,d,1,0][9,0,N,1,0][10,0,D,0,1][11,0,N,0,0][12,0,A,0,0][13,0,N,0,0][14,0,N,0,0][15,0,E,0,0]
[0,1,E,0,0][1,1,N,0,0][2,1,N,0,0][3,1,N,0,0][4,1,A,0,0][5,1,N,0,0][6,1,N,0,0][7,1,D,0,0][8,1,N,0,0][9,1,N,0,0][10,1,N,0,0][11,1,N,0,0][12,1,N,0,0][13,1,N,0,0][14,1,N,0,0][15,1,E,0,0]
[0,2,A,0,0][1,2,N,0,0][2,2,A,0,0][3,2,A,0,0][4,2,D,2,0][5,2,N,1,1][6,2,N,0,1][7,2,N,0,0][8,2,N,0,0][9,2,N,0,0][10,2,N,0,0][11,2,N,0,0][12,2,N,2,0][13,2,A,0,0][14,2,A,0,0][15,2,E,0,0]
[0,3,E,0,0][1,3,N,0,0][2,3,N,0,0][3,3,N,0,0][4,3,A,0,0][5,3,N,0,0][6,3,e,1,0][7,3,D,0,0][8,3,D,0,0][9,3,E,0,1][10,3,A,0,0][11,3,A,0,0][12,3,N,0,0][13,3,N,0,0][14,3,N,0,0][15,3,E,0,0]
[0,4,E,0,0][1,4,N,0,0][2,4,A,0,0][3,4,N,0,0][4,4,E,0,0][5,4,A,0,0][6,4,D,0,0][7,4,N,1,0][8,4,D,0,1][9,4,N,0,0][10,4,d,0,0][11,4,E,0,0][12,4,A,0,0][13,4,N,0,1][14,4,N,0,0][15,4,A,0,0]
[0,5,N,0,0][1,5,N,0,0][2,5,N,0,0][3,5,N,0,0][4,5,N,0,0][5,5,A,0,0][6,5,N,0,0][7,5,D,0,0][8,5,N,0,0][9,5,d,1,1][10,5,N,0,0][11,5,N,0,0][12,5,E,0,0][13,5,A,0,0][14,5,E,0,0][15,5,E,0,0]
[0,6,N,0,0][1,6,N,0,0][2,6,N,0,0][3,6,N,0,0][4,6,N,0,0][5,6,N,0,0][6,6,N,0,0][7,6,N,0,0][8,6,N,0,1][9,6,N,0,0][10,6,N,0,0][11,6,N,0,0][12,6,A,0,0][13,6,N,0,0][14,6,N,0,0][15,6,N,0,0]
[0,7,E,0,0][1,7,D,0,0][2,7,A,0,0][3,7,N,0,0][4,7,N,0,0][5,7,N,0,0][6,7,N,1,0][7,7,N,0,0][8,7,N,0,0][9,7,N,0,0][10,7,N,0,0][11,7,N,0,0][12,7,N,0,0][13,7,N,0,0][14,7,N,1,0][15,7,N,0,0]
###############################

######## BUILDING DATA #########
FORMAT : [x,y] Owner|BuildingType|ConstructionTimeLeft|Health|WeaponCooldownTimeLeft|WeaponDamage|EnergyGeneratedPerTurn 

[15,0] B|ENERGY|-55|5|0|0|3
[0,0] A|ENERGY|-55|5|0|0|3
[0,1] A|ENERGY|-52|5|0|0|3
[15,2] B|ENERGY|-50|5|0|0|3
[0,3] A|ENERGY|-48|5|0|0|3
[0,4] A|ENERGY|-46|5|0|0|3
[15,5] B|ENERGY|-45|5|0|0|3
[0,7] A|ENERGY|-43|5|0|0|3
[13,5] B|ATTACK|-42|5|2|5|0
[4,3] A|ATTACK|-37|5|3|5|0
[14,2] B|ATTACK|-36|5|0|5|0
[12,5] B|ENERGY|-34|5|0|0|3
[5,4] A|ATTACK|-33|5|3|5|0
[4,4] A|ENERGY|-30|5|0|0|3
[14,5] B|ENERGY|-27|5|0|0|3
[1,7] A|DEFENSE|-25|20|0|0|0
[12,4] B|ATTACK|-26|5|2|5|0
[15,1] B|ENERGY|-24|5|0|0|3
[12,6] B|ATTACK|-22|5|2|5|0
[12,0] B|ATTACK|-21|5|3|5|0
[3,2] A|ATTACK|-21|5|3|5|0
[2,4] A|ATTACK|-19|5|1|5|0
[4,2] A|DEFENSE|-12|10|0|0|0
[15,4] B|ATTACK|-13|5|3|5|0
[7,1] A|DEFENSE|-11|10|0|0|0
[10,3] B|ATTACK|-12|5|0|5|0
[1,0] A|ATTACK|-12|5|0|5|0
[9,3] B|ENERGY|-11|5|0|0|3
[7,5] A|DEFENSE|-9|10|0|0|0
[10,0] B|DEFENSE|-8|10|0|0|0
[2,7] A|ATTACK|-10|5|2|5|0
[11,4] B|ENERGY|-9|5|0|0|3
[7,3] A|DEFENSE|-7|5|0|0|0
[6,4] A|DEFENSE|-6|10|0|0|0
[8,4] B|DEFENSE|-5|5|0|0|0
[8,3] B|DEFENSE|-4|15|0|0|0
[0,2] A|ATTACK|-6|5|2|5|0
[11,3] B|ATTACK|-5|5|3|5|0
[2,2] A|ATTACK|-5|5|3|5|0
[13,2] B|ATTACK|-4|5|0|5|0
[4,1] A|ATTACK|-4|5|0|5|0
[15,3] B|ENERGY|-3|5|0|0|3
[2,0] A|ATTACK|-3|5|1|5|0
[10,4] B|DEFENSE|0|20|0|0|0
[5,5] A|ATTACK|-2|5|2|5|0
[9,5] B|DEFENSE|1|20|0|0|0
[6,0] A|DEFENSE|1|20|0|0|0
[8,0] B|DEFENSE|2|20|0|0|0
[6,3] A|ENERGY|0|5|0|0|3
###############################

####### MISSILE DATA ########
FORMAT : [x,y] Owner|Damage|Speed 

[14,7] A|5|2
[12,2] A|5|2
[12,2] A|5|2
[6,2] B|5|2
[9,0] A|5|2
[5,2] B|5|2
[8,0] A|5|2
[9,5] B|5|2
[8,4] B|5|2
[8,6] B|5|2
[6,7] A|5|2
[4,2] A|5|2
[9,5] A|5|2
[6,3] A|5|2
[7,4] A|5|2
[10,0] B|5|2
[5,2] A|5|2
[13,4] B|5|2
[9,3] B|5|2
[4,2] A|5|2
###############################
