
Player A Health=20, Energy=336, Score=1915
Player B Health=90, Energy=258, Score=2437
[0   0][1  A0][2   0][3  E>][4   0][5  A0][6   0][7   0][7  d0][6   >][5   0][4   0][3   0][2   0][1   0][0   0]
[0  d1][1  d1][2  D1][3  A1][4  D1][5  d1][6  E1][7   1][7  D1][6   1][5   1][<   1][3   1][2   1][1   1][0  A1]
[0   2][1  E2][2  E2][3   2][4  A2][5   2][6  D2][7  A2][7  d>][6   2][5   2][4   >][3   2][2   2][1   2][0   2]
[0   3][1  A3][2  A3][3  D3][4  E>][5   3][6  A3][7   >][7  D3][6   3][5   3][4   3][3   3][2   3][1   3][0   >]
[0   4][1   4][2   4][3   4][4  E4][5  D4][6   4][7  E4][7   4][6   4][5   4][4   4][3   4][2   4][1   4][0  E4]
[0  E5][1  E5][2  E5][3   5][4  E5][5   5][6  E5][7   5][7   5][6   5][5   5][4   5][3   5][2   5][1   5][0  E5]
[0   6][1   6][2   6][3   6][4   6][5  E6][6  A6][7  D6][7  D6][6   6][5   6][4   6][3   6][2   6][1   6][0   6]
[0   7][<<  7][2   7][<   7][4   7][5   7][<<< 7][7   7][7  D7][<< A7][5  A7][4  A7][3  A7][2  A7][1  A7][0  E7]
