
Player A, Health= 45, Energy=    53, Score=  2629, IronCurtainAvailable= Yes
Player B, Health= 70, Energy=    43, Score=  3152, IronCurtainAvailable= Yes
[0 E0][1 A0][2  0][3 A0][4  0][5  0][6 D0][7  >][7  0][6  0][5 d0][4  0][<  0][2 A0][1 A0][0 E0]
[0 E1][1 A1][2 D1][<  >][4  1][5 a1][6  1][7 D1][7 D1][< A1][5 A1][4 A1][3 E1][2  1][1  1][0 E1]
[0  2][1  2][2  2][3 D2][4  2][5  2][6  2][7  2][<  2][<< 2][5 D2][4  2][3 A2][2 A2][1  2][0 A2]
[0 E3][1  3][2  3][3  3][4 A3][5 A3][6 E3][7 D>][7  >][6  3][5 d3][4  3][3  3][2  3][1  3][0  3]
[0 A4][1  4][2  4][3 A4][4 E>][5 D4][6  4][7  4][7  4][6 D4][5  4][4 E4][3  4][2 A4][1  4][0 E4]
[0 E5][1 E5][2 A5][3  5][4  5][5  5][6 D5][7  5][7  >][6  5][5 A5][4  5][3 d5][2  5][1  5][0  5]
[0  6][1  6][2  6][3 A6][4  6][<  6][6  6][7  6][7  6][6  >][5  6][4  6][3  6][2  6][1  6][0  6]
[0  7][1  7][2  7][3  7][4  7][5  7][6  7][7  7][7  7][6  7][5  7][4  7][3  7][2  7][1 D7][0 E7]
